id	1h_vs_ud - 30m_vs_ud	6h_vs_ud - 30m_vs_ud	1d_vs_ud - 30m_vs_ud	6h_vs_ud - 1h_vs_ud	1d_vs_ud - 1h_vs_ud	1d_vs_ud - 6h_vs_ud
0	0.284863979630989	0.291784474580211	0.254789173294967	0.00692049494922188	-0.0300748063360216	-0.0369953012852434
1	-0.253256157920824	0.14415204082024	-0.341277229527415	0.397408198741064	-0.088021071606591	-0.485429270347655
2	0.345927711284882	0.199096492506043	0.129318553692961	-0.146831218778839	-0.216609157591921	-0.069777938813082
6	0.0766299975837366	0.0383083208435879	0.0911450454417681	-0.0383216767401486	0.0145150478580315	0.0528367245981801
7	-0.0988232048283865	0.07716618887626	0.145229271368435	0.175989393704647	0.244052476196822	0.068063082492175
13	0.173507558636877	-0.026425713845003	0.440018701219071	-0.19993327248188	0.266511142582193	0.466444415064074
14	-0.976956336970621	-0.413338204992602	-1.07082698980907	0.563618131978019	-0.0938706528384526	-0.657488784816471
24	-0.374776142976959	-0.397064848442089	-0.36614159967056	-0.0222887054651293	0.00863454330639961	0.0309232487715289
26	-0.198598251562575	0.0029575877646222	-0.0188461196196252	0.201555839327197	0.17975213194295	-0.0218037073842474
28	0.0578269393863787	0.179760033352684	0.76658828877643	0.121933093966306	0.708761349390051	0.586828255423746
29	-0.124835294555289	0.163347110359884	0.253280714132017	0.288182404915173	0.378116008687306	0.0899336037721331
32	0.0216264740477728	0.0103137948757312	-0.0501903925062308	-0.0113126791720417	-0.0718168665540037	-0.060504187381962
34	0.291756922847367	0.220092665590218	0.604714264476805	-0.0716642572571488	0.312957341629438	0.384621598886587
35	0.0834910604681824	0.00383607138669087	-0.109728845768101	-0.0796549890814915	-0.193219906236284	-0.113564917154792
37	0.0528340575212294	-0.0729049231846843	0.121202454341586	-0.125738980705914	0.0683683968203567	0.19410737752627
41	0.411835344003355	0.0771968109014365	0.131344645012787	-0.334638533101918	-0.280490698990568	0.05414783411135
42	0.125522549043904	0.231896399056067	0.242500859803714	0.106373850012163	0.11697831075981	0.0106044607476466
44	-0.103077352107427	0.0299295771339208	0.0364362018954018	0.133006929241347	0.139513554002828	0.00650662476148098
46	-0.358070830812078	-0.833342046463885	-0.453461577217725	-0.475271215651807	-0.0953907464056473	0.37988046924616
47	-0.0502752244414758	0.258120062914516	0.282004344115394	0.308395287355991	0.33227956855687	0.0238842812008785
52	-0.164315518397341	-0.0474661939084743	-0.0321920129732284	0.116849324488866	0.132123505424112	0.0152741809352458
53	-0.168542723851074	-0.0605698683372195	-0.101255162332481	0.107972855513854	0.0672875615185931	-0.0406852939952614
56	0.349745774117559	0.0311521285509629	-0.20642811045801	-0.318593645566596	-0.556173884575569	-0.237580239008973
58	0.0817336543826289	0.0269382457994118	0.0560102898135021	-0.0547954085832171	-0.0257233645691268	0.0290720440140903
59	-0.116276017165298	-0.124856587755388	0.102208836043415	-0.00858057059009093	0.218484853208713	0.227065423798804
60	0.65923258304736	0.557633975169587	0.687098721841592	-0.101598607877773	0.0278661387942323	0.129464746672005
62	0.467050190140573	-0.0630826456074499	0.260479966248335	-0.530132835748023	-0.206570223892238	0.323562611855785
63	0.0304170341632716	-0.210172543884299	-0.124369590276488	-0.24058957804757	-0.154786624439759	0.0858029536078111
64	-0.395467568657134	-0.468206865553014	-0.443234926286382	-0.0727392968958799	-0.0477673576292477	0.0249719392666322
65	0.00138944479043721	-0.262906214452386	-0.0608654721130002	-0.264295659242823	-0.0622549169034374	0.202040742339385
67	0.058103033165188	0.0505715208604258	0.573157154340691	-0.00753151230476223	0.515054121175503	0.522585633480265
68	0.308048640447176	0.0810120394051844	0.220775105120878	-0.227036601041991	-0.0872735353262976	0.139763065715694
69	-0.222698419410207	-0.347560353496754	-0.284727868535409	-0.124861934086547	-0.0620294491252022	0.0628324849613447
72	0.446546771664565	0.683371324700397	0.773325853038132	0.236824553035832	0.326779081373568	0.0899545283377356
75	-0.764898600198801	-0.26907864020662	-0.408653563725919	0.495819959992182	0.356245036472882	-0.1395749235193
76	0.286441063713154	0.0310090061020448	0.227741266122322	-0.255432057611109	-0.0586997975908322	0.196732260020277
77	-0.222744684610179	-0.278789939920946	0.0132104890926321	-0.0560452553107667	0.235955173702811	0.292000429013578
78	-0.0804959500698344	-0.045391017836318	-0.277139498645022	0.0351049322335164	-0.196643548575188	-0.231748480808704
80	-0.420199539859018	-0.389625330673685	-0.22936487466625	0.0305742091853336	0.190834665192769	0.160260456007435
83	0.421706096222937	0.0416200450558101	0.0139229122176227	-0.380086051167127	-0.407783184005315	-0.0276971328381874
88	0.306354462852448	-0.146708376616784	0.169294489713647	-0.453062839469232	-0.137059973138801	0.316002866330431
93	0.355991495662024	0.362400481080587	0.141401035135241	0.00640898541856294	-0.214590460526782	-0.220999445945345
96	0.194885445861952	0.155063453474127	0.235538562098525	-0.0398219923878249	0.0406531162365728	0.0804751086243978
99	-0.281151989466245	1.1651451643493	-1.41642976095279	1.44629715381554	-1.13527777148654	-2.58157492530208
100	-0.0230084705679455	-0.00410807147618087	-0.0547808467567227	0.0189003990917646	-0.0317723761887772	-0.0506727752805418
103	0.0549737855546171	-0.373487614660297	0.172427889057225	-0.428461400214914	0.117454103502608	0.545915503717522
104	-0.387711856517516	1.73921014130689	2.12871992609793	2.12692199782441	2.51643178261544	0.389509784791036
105	0.0907104851022215	0.0513421730279684	0.147126655850069	-0.0393683120742531	0.0564161707478471	0.0957844828221003
106	-0.172387956106756	-0.0986008132978485	0.0124483130897089	0.0737871428089077	0.184836269196465	0.111049126387557
112	0.691192472333786	0.822181811229156	0.959198020317849	0.130989338895369	0.268005547984063	0.137016209088693
115	0.11142161476383	0.179638752436838	-0.391521810439081	0.0682171376730081	-0.502943425202911	-0.571160562875919
118	0.10104337631596	0.0550325217333808	-0.0212848722033963	-0.0460108545825794	-0.122328248519356	-0.0763173939367771
119	-0.118113792425845	-0.0640207739345322	-0.0918269173822106	0.0540930184913132	0.0262868750436348	-0.0278061434476784
121	0.0357586224188955	-0.0469445119052291	0.0100663402469249	-0.0827031343241246	-0.0256922821719706	0.057010852152154
122	-0.166705042474152	0.0717310870161639	0.0130565087109034	0.238436129490316	0.179761551185055	-0.0586745783052606
126	0.339356844876933	0.0114254682792407	-0.0393108764699131	-0.327931376597692	-0.378667721346846	-0.0507363447491537
128	-0.285705457536874	0.299320426311103	0.171771441829434	0.585025883847976	0.457476899366308	-0.127548984481669
132	-0.0723350228089948	0.356805226200385	0.178460597954613	0.42914024900938	0.250795620763608	-0.178344628245772
133	-0.269234346618543	0.514767997171045	0.39769383079144	0.784002343789587	0.666928177409983	-0.117074166379604
138	-0.2969370123921	-0.162258556975851	0.20341309685608	0.134678455416248	0.50035010924818	0.365671653831932
139	-1.04835785100413	-0.726413531384948	-1.07797810554882	0.32194431961918	-0.0296202545446917	-0.351564574163872
140	-0.183859886947495	0.0839118288060055	0.158337697654093	0.267771715753501	0.342197584601589	0.0744258688480879
141	0.0242490248934655	0.0660706159767162	0.026168115123765	0.0418215910832507	0.00191909023029953	-0.0399025008529512
142	-0.0287861320125959	0.159662922085211	0.150328256385813	0.188449054097807	0.179114388398409	-0.00933466569939818
143	-0.105127090646725	0.435153724251753	0.261077440795674	0.540280814898478	0.366204531442399	-0.174076283456079
147	-0.112366846759887	-0.187688711535762	-0.0238631210722134	-0.0753218647758745	0.0885037256876739	0.163825590463548
148	-0.566793042322088	0.710535127302206	1.57366284182132	1.27732816962429	2.14045588414341	0.863127714519111
151	-0.0227788850582107	-0.045575046966383	0.0232028339867769	-0.0227961619081723	0.0459817190449876	0.0687778809531599
154	-0.210712657084153	0.0503640291846028	-0.0350609507160628	0.261076686268756	0.17565170636809	-0.0854249799006656
157	0.111484803801268	0.0358485429180141	0.0353678733020717	-0.0756362608832544	-0.0761169304991968	-0.000480669615942425
158	-0.0375778817898682	-0.0960570776276336	-0.0863915625081704	-0.0584791958377654	-0.0488136807183022	0.00966551511946317
159	-0.37383693018638	-0.0142430315725995	-0.0239189242700725	0.35959389861378	0.349918005916307	-0.00967589269747293
160	-0.170468366009273	0.0619691512346845	-0.0141309410302153	0.232437517243958	0.156337424979058	-0.0761000922648998
161	-0.0391576911769501	0.102300653192118	-0.0467007213791677	0.141458344369068	-0.00754303020221755	-0.149001374571286
162	-0.179733854277459	-0.164395623690823	0.115165320684679	0.0153382305866355	0.294899174962138	0.279560944375502
163	0.111937178257482	0.084980569760331	0.454131722203719	-0.0269566084971511	0.342194543946237	0.369151152443388
164	-0.153070999396221	0.217869038205078	0.141317943826216	0.3709400376013	0.294388943222438	-0.076551094378862
170	0.359891546469082	0.0786177189256307	0.17948796659986	-0.281273827543452	-0.180403579869222	0.10087024767423
172	0.285166935608195	0.176702035138923	0.144124820395078	-0.108464900469272	-0.141042115213117	-0.0325772147438445
179	0.277827689909425	0.0414734349839474	0.0792458584477166	-0.236354254925477	-0.198581831461708	0.0377724234637693
182	-0.0460384610827741	0.0579981630819981	0.0343272737656941	0.104036624164772	0.0803657348484682	-0.023670889316304
184	-0.803765129714526	0.00175223411380294	-0.323412418588403	0.805517363828329	0.480352711126124	-0.325164652702205
186	-0.269205357378485	-0.106524144604113	0.0545202854484659	0.162681212774371	0.32372564282695	0.161044430052579
190	0.128988792527414	0.122302138396808	0.21753117068117	-0.00668665413060628	0.0885423781537564	0.0952290322843626
191	0.0567094846458122	-0.0147880566341524	0.131926371458605	-0.0714975412799646	0.0752168868127925	0.146714428092757
194	0.0262809879649231	-0.0663604249788642	-0.182240172211394	-0.0926414129437873	-0.208521160176317	-0.11587974723253
196	-0.179806512973052	0.0122123296413812	0.345392013643336	0.192018842614433	0.525198526616387	0.333179684001954
198	-0.126330604306046	-0.0673484969276718	-0.278287382848528	0.058982107378374	-0.151956778542482	-0.210938885920856
201	0.109211191088488	0.116577545726797	-0.0650226807401762	0.00736635463830859	-0.174233871828664	-0.181600226466973
204	-0.171981968161854	-0.900471714958068	-0.330926185910444	-0.728489746796214	-0.15894421774859	0.569545529047624
206	0.298262166166063	0.167593502038113	0.295126931267473	-0.13066866412795	-0.00313523489858959	0.12753342922936
207	-0.0735824206434068	-0.206775374776701	-0.0688263724901207	-0.133192954133294	0.00475604815328615	0.13794900228658
209	-0.0103772880441983	0.120512446395556	0.242082925120305	0.130889734439754	0.252460213164503	0.121570478724749
214	0.0407289080454164	0.113848083428805	0.118102450103649	0.0731191753833887	0.0773735420582324	0.00425436667484373
215	-0.0955103174103138	0.0687139233737967	-0.0450473991607423	0.16422424078411	0.0504629182495715	-0.113761322534539
217	-1.85363069298011	-0.798056282377624	-0.461238605217588	1.05557441060248	1.39239208776252	0.336817677160036
218	0.0315502928783934	-0.209926674385573	0.0360563544293624	-0.241476967263967	0.00450606155096904	0.245983028814936
219	-0.0499809797989364	0.288198792875656	0.242018098246934	0.338179772674592	0.29199907804587	-0.0461806946287217
220	0.174826943607874	0.976855859773607	0.479923922712476	0.802028916165733	0.305096979104602	-0.496931937061131
221	0.26362859386854	0.39766947220472	0.342673635896852	0.134040878336179	0.0790450420283123	-0.0549958363078672
222	-0.0545039133243356	-0.0914511037553775	-0.0291966831452069	-0.0369471904310419	0.0253072301791287	0.0622544206101707
223	0.404518806565349	0.105580236606185	0.267198032592989	-0.298938569959164	-0.13732077397236	0.161617795986804
224	0.0310382554824981	0.102880723375096	-0.0767839479224105	0.0718424678925978	-0.107822203404909	-0.179664671297506
225	-0.128757154894753	0.183231267471623	0.132023459407591	0.311988422366376	0.260780614302344	-0.051207808064032
227	-0.0659297752632555	-0.207882566836732	-0.0160685316263182	-0.141952791573476	0.0498612436369373	0.191814035210413
228	0.0181157432051338	0.0920267632096448	0.14282950711231	0.073911020004511	0.124713763907176	0.0508027439026653
229	-0.0144884682886407	-0.0234452469540206	0.229513961104352	-0.00895677866537994	0.244002429392993	0.252959208058373
230	-0.0129368528572495	0.176074502645721	0.502020277955901	0.18901135550297	0.51495713081315	0.32594577531018
231	-0.227266478258945	-0.22188036402102	-0.173878514128486	0.0053861142379248	0.053387964130459	0.0480018498925342
233	-0.123433016962426	-0.116474385187675	0.0199259026142706	0.00695863177475078	0.143358919576697	0.136400287801946
234	-0.113747424648723	0.00163733892719323	0.0534562782863323	0.115384763575916	0.167203702935055	0.0518189393591391
239	1.88926120909143	-0.014139378532897	1.35616049831372	-1.90340058762433	-0.533100710777715	1.37029987684661
240	0.148523884820128	-0.183748453354312	-0.809975325698334	-0.33227233817444	-0.958499210518462	-0.626226872344022
241	0.688988676911152	-0.0647124357382872	0.264427926293435	-0.75370111264944	-0.424560750617717	0.329140362031722
242	-0.166621913745629	-0.391941198664707	-0.347440127821078	-0.225319284919079	-0.180818214075449	0.0445010708436295
244	-0.0486064122935354	0.082310403871122	0.0410991597522943	0.130916816164657	0.0897055720458296	-0.0412112441188277
246	0.115956549469121	-0.0213088200039939	0.0937260157612772	-0.137265369473115	-0.0222305337078443	0.115034835765271
251	0.0838439594064784	1.11650050161455	1.22659860733221	1.03265654220807	1.14275464792573	0.110098105717655
252	0.100196780268841	-0.190132940044101	-0.0619951840814094	-0.290329720312942	-0.162191964350251	0.128137755962692
255	-0.0705591953671313	0.747454164489921	0.215356041888177	0.818013359857052	0.285915237255308	-0.532098122601744
258	0.172241855181837	0.0815681706785181	0.256570402923213	-0.0906736845033185	0.0843285477413767	0.175002232244695
260	-0.295598235906067	0.115714129090877	0.0125893515805889	0.411312364996945	0.308187587486656	-0.103124777510289
262	0.126106415062366	-0.194728592780443	0.0342266051581762	-0.320835007842809	-0.0918798099041896	0.228955197938619
263	-0.527881410604879	-0.070057263395977	-0.0570292630478859	0.457824147208902	0.470852147556993	0.0130280003480911
264	-0.103226286951147	-0.218650747013795	-0.292974761842147	-0.115424460062648	-0.189748474890999	-0.0743240148283516
265	0.00352645681520204	0.0482675213171872	-0.00263178488576585	0.0447410645019852	-0.00615824170096789	-0.0508993062029531
267	0.0279978810201547	-0.0472289114808114	-0.000819776309067793	-0.0752267925009661	-0.0288176573292225	0.0464091351717436
268	0.0266475087584113	0.318638024953178	0.104364057581909	0.291990516194766	0.0777165488234972	-0.214273967371269
269	-0.18304136997251	0.185334260486366	0.034025739147562	0.368375630458875	0.217067109120072	-0.151308521338804
270	0.0515843433280977	0.0383271050077044	0.167869894259239	-0.0132572383203933	0.116285550931141	0.129542789251535
271	-0.00879151436603107	0.0539359395753703	0.0553574103349506	0.0627274539414014	0.0641489247009817	0.00142147075958031
272	0.00177135897586171	-0.0733932001793446	0.000464077002290467	-0.0751645591552063	-0.00130728197357124	0.0738572771816351
273	0.20179778723119	0.332531036695037	0.241352527254692	0.130733249463847	0.0395547400235015	-0.0911785094403457
275	-0.12738880204692	0.218168888764349	0.136178916640016	0.345557690811269	0.263567718686936	-0.081989972124333
281	0.362912944060514	0.151007706801561	0.109510757554488	-0.211905237258954	-0.253402186506026	-0.0414969492470725
282	0.0880482402436065	-0.144784049770823	-0.244952367524812	-0.232832290014429	-0.333000607768419	-0.100168317753989
283	0.311119111485533	0.192802200810627	0.208235444103567	-0.118316910674906	-0.102883667381966	0.0154332432929394
285	-0.000310426369463671	0.234186013525613	0.125476698587881	0.234496439895077	0.125787124957344	-0.108709314937733
287	-0.0553914003040866	0.0917273202558428	-0.368305929830274	0.147118720559929	-0.312914529526187	-0.460033250086117
290	0.0148236164508773	0.097861340115	0.00174466998105592	0.0830377236641228	-0.0130789464698214	-0.0961166701339441
291	0.190796321437999	-0.0127691091343168	0.193768621056685	-0.203565430572316	0.00297229961868589	0.206537730191002
292	0.199389410708618	0.0822922880781162	-0.0858423246366741	-0.117097122630502	-0.285231735345292	-0.16813461271479
293	0.0122698330349837	0.0102175143013247	0.142018915308896	-0.00205231873365905	0.129749082273912	0.131801401007571
294	-0.0579253460457993	0.09577866924635	0.125453191313206	0.153704015292149	0.183378537359006	0.0296745220668563
296	-0.189176192403286	0.241742524789796	0.08504551534081	0.430918717193082	0.274221707744096	-0.156697009448986
298	-0.114856253420966	0.00713670001565767	0.0100079000610652	0.121992953436623	0.124864153482031	0.00287120004540753
299	0.380849584027103	0.390747883521562	0.465065006395909	0.00989829949445872	0.0842154223688062	0.0743171228743475
300	-0.160460147934191	-0.0602220242769599	0.0309045010430653	0.100238123657231	0.191364648977256	0.0911265253200252
301	0.38397725675733	0.591523158976294	1.69626705778767	0.207545902218964	1.31228980103034	1.10474389881137
306	-0.515463725352412	-0.0299788019101213	-0.483082270897329	0.485484923442291	0.0323814544550832	-0.453103468987208
307	0.334275496709865	0.399469662196237	0.494402596235245	0.0651941654863725	0.16012709952538	0.0949329340390077
309	-0.0217963098318816	0.0563686816481414	-0.12843807789953	0.078164991480023	-0.106641768067648	-0.184806759547671
313	-0.103082361100871	0.0758346081524245	0.0917164253247272	0.178916969253295	0.194798786425598	0.0158818171723027
319	-0.0989872173491962	-0.159997622817104	-0.396801438035068	-0.0610104054679077	-0.297814220685872	-0.236803815217964
320	0.0259389495857719	-0.254334572576594	0.0369988818382699	-0.280273522162366	0.011059932252498	0.291333454414864
333	-0.0179652724868816	-0.337998292409828	-0.0353508882186986	-0.320033019922947	-0.017385615731817	0.30264740419113
334	-0.146835984869892	-0.178124304957013	-0.333447322479283	-0.0312883200871212	-0.186611337609391	-0.15532301752227
335	0.102141467789752	0.169492867075907	0.185938327307497	0.0673513992861548	0.0837968595177448	0.01644546023159
336	0.540209978231358	0.0492701742136543	-0.0413978518521791	-0.490939804017703	-0.581607830083537	-0.0906680260658334
341	-0.21158572164473	-1.02383196478693	-1.01962745386929	-0.812246243142203	-0.808041732224565	0.00420451091763816
343	0.275873759055284	0.0634027509008041	0.14943399298728	-0.21247100815448	-0.126439766068004	0.0860312420864755
344	0.195949098984628	-0.0215543654280644	-0.0305279092088675	-0.217503464412693	-0.226477008193496	-0.00897354378080313
348	-0.349205855082679	0.142119494556829	0.396457396903547	0.491325349639509	0.745663251986226	0.254337902346717
349	0.00731820917212855	-0.192174816375231	-0.0307041052879752	-0.19949302554736	-0.0380223144601038	0.161470711087256
350	-0.137334455026905	-0.127104368505904	0.10242441541389	0.010230086521001	0.239758870440794	0.229528783919794
351	0.268923086901981	0.350523915418144	0.309122234846767	0.0816008285161624	0.0401991479447856	-0.0414016805713768
352	-0.0913956346661018	0.0308808178563215	0.0109677451361856	0.122276452522423	0.102363379802287	-0.0199130727201359
353	-0.252052195131797	0.017428123902805	-0.00107885886255285	0.269480319034602	0.250973336269245	-0.0185069827653579
354	-0.12575733784764	0.0890033874611963	0.105545552037684	0.214760725308836	0.231302889885324	0.0165421645764878
355	-0.186039485399954	-0.363535514894782	-0.865581064697204	-0.177496029494828	-0.67954157929725	-0.502045549802422
356	-0.237418135901648	0.0307178622738433	-0.121596397893505	0.268135998175491	0.115821738008143	-0.152314260167349
357	-0.0140665766007543	0.103271715657868	0.138463623119996	0.117338292258622	0.15253019972075	0.0351919074621277
362	-0.236432934369206	0.0181454162173294	0.0291305156666616	0.254578350586535	0.265563450035867	0.0109850994493322
364	0.132015526203338	-0.763207421686738	-0.412872130997538	-0.895222947890076	-0.544887657200876	0.3503352906892
365	-0.209249745195421	0.132434595334439	0.160518674896686	0.34168434052986	0.369768420092106	0.0280840795622469
366	-0.808852634058068	0.791425050148041	1.43065299176852	1.60027768420611	2.23950562582659	0.639227941620481
367	-0.159614935979253	0.278317630920902	0.282210855275528	0.437932566900155	0.441825791254781	0.00389322435462619
370	0.0483626838848256	0.0568490615187792	0.0504977529472211	0.00848637763395361	0.0021350690623955	-0.00635130857155811
380	0.0730468536670944	-0.204263541601894	-0.129333074474162	-0.277310395268989	-0.202379928141256	0.0749304671277324
381	0.028603595967297	0.234415396637688	0.117880090208521	0.205811800670391	0.0892764942412236	-0.116535306429168
382	-0.0283255459965711	0.319357136626801	0.297814971452454	0.347682682623372	0.326140517449025	-0.021542165174347
386	0.0815375113325256	0.222977677848492	0.0488633362122578	0.141440166515966	-0.0326741751202679	-0.174114341636234
387	-0.271874687971344	0.309934339867918	-0.213354680797556	0.581809027839262	0.0585200071737882	-0.523289020665474
391	-0.344526842627428	-0.406864014194352	-0.672300409436589	-0.0623371715669247	-0.327773566809161	-0.265436395242237
396	-0.235532675393378	-0.435528172406009	-0.587923203537677	-0.199995497012631	-0.352390528144298	-0.152395031131668
397	-0.211274290273425	-0.109431869249677	-0.350720969876489	0.101842421023748	-0.139446679603065	-0.241289100626813
401	-0.0555401750370925	-0.00128525179180818	0.0274295637957755	0.0542549232452843	0.082969738832868	0.0287148155875836
403	0.162738926231347	0.257943337538867	0.232683627459379	0.09520441130752	0.0699447012280315	-0.0252597100794885
404	0.279274300219823	0.387183951387078	0.126676568094621	0.107909651167255	-0.152597732125201	-0.260507383292457
407	0.200807925936568	0.316511197330368	0.238802238048839	0.115703271393799	0.0379943121122708	-0.0777089592815286
414	0.409616622055858	0.00754755510296853	-0.0113296126662259	-0.402069066952889	-0.420946234722084	-0.0188771677691945
416	0.312327722408981	0.250413975410254	0.19508880699477	-0.0619137469987267	-0.117238915414211	-0.0553251684154843
419	0.0972051280021969	0.161242026647339	0.204171115243628	0.0640368986451426	0.106965987241431	0.0429290885962881
420	0.262322140379078	0.107047264394699	0.274059520655096	-0.155274875984379	0.0117373802760188	0.167012256260398
421	0.231827882936273	0.256158802177396	0.3507639034242	0.024330919241123	0.118936020487928	0.0946051012468048
424	0.0911628260610531	-0.0463033672740563	-0.0346474044515376	-0.137466193335109	-0.125810230512591	0.0116559628225187
425	0.884694752614327	0.947278626217733	1.32081433895031	0.0625838736034054	0.436119586335979	0.373535712732574
429	0.0305277107749982	0.200399010948165	0.195057685276945	0.169871300173166	0.164529974501947	-0.0053413256712195
430	0.179790842090651	0.00142729121660087	0.124376344717635	-0.17836355087405	-0.0554144973730161	0.122949053501034
432	0.00851414220091732	-0.0664704904299231	0.0128785134140421	-0.0749846326308405	0.00436437121312482	0.0793490038439653
439	0.0234138819829071	0.0470385312948488	0.0443251691327405	0.0236246493119417	0.0209112871498334	-0.0027133621621083
440	0.222181460793061	-0.0751805132749288	0.0296379329304193	-0.29736197406799	-0.192543527862642	0.104818446205348
444	0.166035180326969	0.381242998101367	-0.100701864739538	0.215207817774398	-0.266737045066507	-0.481944862840905
449	0.276725699885287	0.211768464743353	0.100920539876455	-0.0649572351419336	-0.175805160008831	-0.110847924866898
450	0.510435777531185	0.206662120871018	0.279514762971441	-0.303773656660167	-0.230921014559744	0.0728526421004232
451	0.188780008119383	0.144268284740162	0.0182955819737571	-0.0445117233792205	-0.170484426145626	-0.125972702766405
452	0.190606338439202	0.061131570030905	-0.077075941016215	-0.129474768408297	-0.267682279455417	-0.13820751104712
458	0.000132295982771542	0.0739123773816598	0.0286582155327138	0.0737800813988883	0.0285259195499423	-0.045254161848946
459	-0.117348123732721	0.157544377448121	0.180843105655432	0.274892501180842	0.298191229388153	0.0232987282073115
460	0.198794686944847	0.165976297770443	0.0403628994741357	-0.0328183891744042	-0.158431787470711	-0.125613398296307
464	0.396236858662057	-0.170017881795203	0.0938831748798014	-0.566254740457259	-0.302353683782255	0.263901056675004
465	0.563081806629145	-0.360184466918237	-0.289607655514169	-0.923266273547382	-0.852689462143314	0.0705768114040678
467	-0.657563976158602	0.049281895155512	0.146313663320883	0.706845871314114	0.803877639479485	0.0970317681653714
468	-0.0111807659096213	0.151289930187553	0.171924695192278	0.162470696097174	0.183105461101899	0.0206347650047251
469	-0.0839221176936103	0.113705614053921	0.0388014012751997	0.197627731747532	0.12272351896881	-0.0749042127787218
470	0.0973652115419882	0.150223188248699	0.178996989638128	0.0528579767067109	0.0816317780961399	0.028773801389429
478	-0.171102863464919	-0.436222002283838	0.0712697799044646	-0.265119138818919	0.242372643369384	0.507491782188303
479	-0.0776108840813437	0.141680437467407	0.0797123513290033	0.219291321548751	0.157323235410347	-0.0619680861384041
482	0.0574591465033824	0.0456442525455852	-0.0231269161044349	-0.0118148939577971	-0.0805860626078173	-0.0687711686500202
483	-0.107085015720945	0.0978772167703031	0.0234434306299875	0.204962232491248	0.130528446350932	-0.0744337861403156
484	-0.150728026594804	-0.0283059073726417	-0.11432601583081	0.122422119222162	0.0364020107639946	-0.0860201084581679
488	0.0278949102313585	0.445554906188827	0.447602374998628	0.417659995957468	0.419707464767269	0.00204746880980072
489	-0.0169785475076911	0.000389667335814407	0.00588404222797877	0.0173682148435055	0.0228625897356698	0.00549437489216437
491	0.0918018836727862	0.19800290323963	0.0714064831333687	0.106201019566844	-0.0203954005394176	-0.126596420106262
492	-0.0553551419679492	0.00308766633459734	0.0660754389763411	0.0584428083025466	0.12143058094429	0.0629877726417438
496	0.253730254089522	0.16235303448343	0.557209682495948	-0.0913772196060916	0.303479428406426	0.394856648012518
497	0.153820110922842	0.299932807977875	-0.141221780323702	0.146112697055033	-0.295041891246543	-0.441154588301577
498	0.240798519258301	0.157879576837145	0.112457650991509	-0.0829189424211558	-0.128340868266792	-0.0454219258456362
501	0.178170100560947	-0.0752797267896664	0.00822361009827641	-0.253449827350613	-0.16994649046267	0.0835033368879428
502	0.122009022922292	0.0921883389735329	0.102277253740221	-0.029820683948759	-0.0197317691820705	0.0100889147666884
503	-0.361804930100045	0.306261849311788	0.174208713032449	0.668066779411833	0.536013643132495	-0.132053136279339
504	-0.159698612652509	-0.22396084165658	-0.0413574396413162	-0.0642622290040716	0.118341173011193	0.182603402015264
507	-0.00531434475669312	-0.150503022248187	0.0121306007343429	-0.145188677491494	0.017444945491036	0.16263362298253
508	0.206064362161491	0.206002655856643	-0.23584268790634	-6.17063048471561e-05	-0.44190705006783	-0.441845343762983
511	0.202623568287421	0.122422264421956	0.125564753111135	-0.080201303865465	-0.0770588151762853	0.00314248868917971
513	-0.917331694965376	0.154800676849341	0.539061572947166	1.07213237181472	1.45639326791254	0.384260896097826
515	0.284492556573101	-0.0738114163566248	0.0806668494195544	-0.358303972929726	-0.203825707153547	0.154478265776179
518	-0.227014593147079	0.496695617668078	0.534720343098585	0.723710210815157	0.761734936245664	0.0380247254305067
519	0.0812941125943681	0.0863980245241988	-0.0264669119621658	0.0051039119298307	-0.107761024556534	-0.112864936486365
520	0.0602399842199346	0.464999910596796	-0.0367613713860022	0.404759926376862	-0.0970013556059368	-0.501761281982799
531	0.131131096331102	0.169614010317747	0.299218699466507	0.038482913986645	0.168087603135405	0.12960468914876
533	-0.20172073824428	0.071654444397969	-0.112469696933169	0.273375182642249	0.0892510413111111	-0.184124141331138
534	-0.0877789500080717	-0.477260693760148	-0.339073123765441	-0.389481743752076	-0.251294173757369	0.138187569994707
539	0.0664903882506216	0.0538991968728548	-0.0518636520984324	-0.0125911913777668	-0.118354040349054	-0.105762848971287
540	0.131282115695471	0.136271873245606	-0.0636949254351358	0.00498975755013506	-0.194977041130607	-0.199966798680742
541	-0.0498950377304909	0.263465864852923	0.207315794390295	0.313360902583414	0.257210832120786	-0.0561500704626275
544	0.117029410759405	0.322667977734334	0.4378251916346	0.205638566974929	0.320795780875195	0.115157213900266
545	0.044711464317202	-0.0669072733640552	0.164568465087709	-0.111618737681257	0.119857000770507	0.231475738451764
548	0.143479871005184	-0.0129958594725641	0.693135549825815	-0.156475730477748	0.54965567882063	0.706131409298379
550	0.143800555246109	0.0512261328148796	0.12243987894091	-0.0925744224312294	-0.0213606763051993	0.0712137461260301
553	0.0762880084709478	0.0629131787609234	0.0829445056543227	-0.0133748297100244	0.0066564971833749	0.0200313268933993
554	0.650067000915314	0.314219256563951	0.57022813208857	-0.335847744351363	-0.079838868826744	0.256008875524619
558	-0.0398042661728982	0.159594407810306	0.0147681714385217	0.199398673983204	0.0545724376114199	-0.144826236371784
560	0.0554007540856593	-0.154248320240125	-0.183452461248838	-0.209649074325784	-0.238853215334497	-0.0292041410087131
561	-0.00903753976781381	0.042012017367078	0.255073906086804	0.0510495571348918	0.264111445854618	0.213061888719726
563	0.393979265788052	-0.175590838093289	0.0167540922054472	-0.569570103881342	-0.377225173582605	0.192344930298737
566	0.283371314449405	0.463655797388803	0.40999428692304	0.180284482939398	0.126622972473635	-0.0536615104657633
567	0.0260110622774965	0.0524158259919166	0.137567516112743	0.0264047637144201	0.111556453835246	0.0851516901208262
574	0.119748421538134	-0.122788882811676	-0.138530750595964	-0.24253730434981	-0.258279172134097	-0.0157418677842871
582	0.357030669040395	-0.635393503497044	-0.268505509381616	-0.99242417253744	-0.625536178422011	0.366887994115428
584	-0.0709585903234402	-0.0342391854147037	0.00855738300492997	0.0367194049087365	0.0795159733283702	0.0427965684196336
585	-0.300602147889728	-0.175813443361359	-0.334091024686768	0.124788704528369	-0.03348887679704	-0.158277581325409
586	-0.155120729198096	-0.0709161810604407	-0.160458015018966	0.0842045481376555	-0.00533728582087017	-0.0895418339585257
587	0.220189788265341	0.0162710367744122	0.0339924667301366	-0.203918751490929	-0.186197321535205	0.0177214299557244
590	0.0461827589166015	0.0241962928934134	0.0267719093591321	-0.0219864660231882	-0.0194108495574694	0.00257561646571876
591	0.134267445150096	-0.0922424535568722	-0.000370577166906277	-0.226509898706969	-0.134638022317003	0.091871876389966
595	0.139237552975602	0.123025379718789	0.0596036302034215	-0.0162121732568131	-0.0796339227721801	-0.063421749515367
598	0.845623413926638	0.707330510716468	0.579925915757445	-0.13829290321017	-0.265697498169192	-0.127404594959022
602	0.814517635310743	0.472968874039106	1.0823678922491	-0.341548761271637	0.267850256938361	0.609399018209998
606	0.0382731594396105	0.0578680850612585	0.100462976562167	0.019594925621648	0.0621898171225567	0.0425948915009087
609	-0.243455204471154	-0.151605710052813	0.00208989898288798	0.0918494944183412	0.245545103454042	0.153695609035701
611	0.11208921408298	0.0122543542303404	0.0955033037469636	-0.0998348598526391	-0.0165859103360159	0.0832489495166231
612	-1.21512609526961	0.166213958900355	-0.826786701750678	1.38134005416997	0.388339393518935	-0.993000660651033
613	-0.0935650935021688	-0.470485765339158	0.00803423222504708	-0.37692067183699	0.101599325727216	0.478519997564205
615	0.281174872868014	0.248659125496592	0.615322631773639	-0.032515747371422	0.334147758905625	0.366663506277047
616	-0.104733607168981	-0.198042043026894	-0.0972752624902237	-0.0933084358579121	0.00745834467875767	0.10076678053667
620	-0.12250959345772	0.528819407765645	0.977149855458941	0.651329001223366	1.09965944891666	0.448330447693296
622	-0.135146119110215	0.00477376101429923	-0.163519330406299	0.139919880124514	-0.0283732112960842	-0.168293091420598
623	-0.045791892344215	0.0345196626075546	0.148817689938977	0.0803115549517696	0.194609582283192	0.114298027331422
624	-0.0172910461760128	-0.0870889352153578	-0.152022554640071	-0.069797889039345	-0.134731508464058	-0.0649336194247128
625	0.0911039132560142	0.0978505498675678	0.14147532446502	0.00674663661155357	0.050371411209006	0.0436247745974524
628	0.436326984896921	0.00885208295441181	0.562991839146258	-0.42747490194251	0.126664854249337	0.554139756191846
629	-0.200773928511506	-0.388691411008711	-0.116863662408282	-0.187917482497205	0.0839102661032245	0.271827748600429
630	-0.0848974421308315	0.223902179988314	0.338385457079545	0.308799622119146	0.423282899210377	0.114483277091231
633	0.327795264892278	0.00118986184797279	0.182201552587925	-0.326605403044305	-0.145593712304353	0.181011690739952
635	0.143290144981877	-0.261376279330258	-0.26000116778723	-0.404666424312135	-0.403291312769108	0.00137511154302718
642	0.0603670133347625	0.128536564005521	0.292301935943562	0.0681695506707583	0.2319349226088	0.163765371938041
643	0.0266014548656584	-0.00781426305397255	0.0230389221801636	-0.034415717919631	-0.00356253268549486	0.0308531852341361
644	-0.104347873846972	-0.158422971113954	0.0405408732384456	-0.0540750972669814	0.144888747085418	0.198963844352399
645	-0.216902964091039	-0.220267703790421	-0.0235968902721238	-0.00336473969938196	0.193306073818915	0.196670813518297
646	-0.346334467042193	-0.253075852807522	-0.176567996104226	0.0932586142346709	0.169766470937967	0.0765078567032962
647	0.0777380878346998	-0.035554271213007	-0.0177835760376387	-0.113292359047707	-0.0955216638723386	0.0177706951753683
650	-0.39728323671234	-0.63806581667097	0.106738594236302	-0.24078257995863	0.504021830948642	0.744804410907271
652	0.457746721085601	0.142908575997539	0.214527430197526	-0.314838145088062	-0.243219290888074	0.0716188541999872
654	0.271687354541272	0.228539860765038	0.42721267914512	-0.0431474937762342	0.155525324603847	0.198672818380082
655	0.237492964791451	0.19769680793092	0.408235147185041	-0.0397961568605309	0.17074218239359	0.210538339254121
656	-0.293037642723301	-0.0933964703134706	-0.157275650938321	0.19964117240983	0.13576199178498	-0.0638791806248507
659	-0.0878139954411491	-0.00318123015342839	0.110334618794742	0.0846327652877207	0.198148614235891	0.113515848948171
660	-0.408972465539719	-0.12325449352769	-0.072798912606708	0.28571797201203	0.336173552933011	0.0504555809209818
661	-0.0431758891739892	0.274345944292188	0.364875286224059	0.317521833466177	0.408051175398049	0.0905293419318715
666	-0.446445563704484	-0.759181725875443	-0.656219676880474	-0.312736162170959	-0.20977411317599	0.102962048994969
668	-0.191151690408377	-0.496355449628162	-0.756197113101025	-0.305203759219785	-0.565045422692648	-0.259841663472863
670	0.0763700959277527	0.350050000374845	0.379943763068205	0.273679904447092	0.303573667140453	0.0298937626933605
671	0.195345058119943	0.0734761429821667	0.161346316379775	-0.121868915137776	-0.0339987417401676	0.0878701733976082
672	-0.196081054979557	-0.0699515339567956	-0.172940366229297	0.126129521022761	0.0231406887502592	-0.102988832272502
674	0.191138181326541	0.0894632927333932	0.12361443227619	-0.101674888593148	-0.0675237490503507	0.0341511395427968
682	-0.139692095946186	-0.113393537868814	-0.163637130582764	0.0262985580773719	-0.0239450346365783	-0.0502435927139502
683	0.192066644947697	-0.0262890593750433	-0.0812632120596249	-0.21835570432274	-0.273329857007322	-0.0549741526845816
684	0.0587519098104173	-0.409266316278047	-0.0166102035145883	-0.468018226088465	-0.0753621133250056	0.392656112763459
685	0.0629889875846288	0.134652425289874	0.216132686762264	0.0716634377052449	0.153143699177635	0.0814802614723901
686	0.376583631618071	0.289497044261627	0.329282066007827	-0.0870865873564433	-0.0473015656102438	0.0397850217461995
688	0.14768856308295	-0.0155485029785156	0.0898465601101666	-0.163237066061465	-0.0578420029727832	0.105395063088682
689	0.00969074431120166	0.0650072137792045	0.00429322912891181	0.0553164694680028	-0.00539751518228985	-0.0607139846502927
690	0.058694705335831	-0.274086617030149	0.228629052311697	-0.33278132236598	0.169934346975866	0.502715669341846
692	0.429418707297309	0.334980970623332	0.335093292157531	-0.0944377366739772	-0.094325415139778	0.000112321534199183
694	0.0589605080954617	0.134464572210509	0.264114319985142	0.0755040641150472	0.205153811889681	0.129649747774634
696	-0.662093972992939	-0.10870364242894	-0.117253360151063	0.553390330564	0.544840612841876	-0.00854971772212334
698	-0.246191864478649	0.102150609284041	-0.197814204948102	0.34834247376269	0.0483776595305463	-0.299964814232144
699	-0.125958423996954	-0.171888710102198	-0.155295612294429	-0.0459302861052438	-0.0293371882974747	0.0165930978077691
700	-0.0973488069334911	0.0435424568050188	-0.0459749303764526	0.14089126373851	0.0513738765570384	-0.0895173871814714
703	-0.113926547224501	0.0236433699675083	-0.346394805676845	0.13756991719201	-0.232468258452344	-0.370038175644353
704	-0.111830231564559	0.197869627822001	0.267724405356521	0.30969985938656	0.37955463692108	0.0698547775345196
705	0.160640299499766	0.0917969353695041	-0.0109786082186761	-0.068843364130262	-0.171618907718442	-0.10277554358818
706	-0.138885546935496	0.264735075974815	0.0317535579075747	0.403620622910311	0.170639104843071	-0.23298151806724
707	-0.0851135839926212	0.124570294759594	0.148272100452378	0.209683878752215	0.233385684444999	0.023701805692784
713	-0.200132754015357	-0.0936881731794785	-0.149302082085387	0.106444580835878	0.0508306719299696	-0.0556139089059089
716	0.109063130397616	-0.0493140316034718	0.000642857018596954	-0.158377162001088	-0.108420273379019	0.0499568886220687
717	-0.121737604660858	0.126792846690492	0.057720317595654	0.24853045135135	0.179457922256512	-0.0690725290948376
718	0.0157100004109228	-0.101903832196207	-0.0167780328658662	-0.11761383260713	-0.032488033276789	0.0851257993303408
719	-0.0203390192248922	-0.0577369408832476	-0.0510053154201738	-0.0373979216583554	-0.0306662961952816	0.00673162546307376
720	-0.0881238216347234	-0.136331566976738	-0.0491643692329607	-0.0482077453420149	0.0389594524017627	0.0871671977437776
721	-0.0740061064902793	-0.17626855978281	-0.1396659105344	-0.102262453292531	-0.0656598040441208	0.0366026492484102
722	-0.152343879316988	-0.0711362153457626	-0.100474133461293	0.0812076639712251	0.0518697458556947	-0.0293379181155304
723	0.309339631193141	-0.11657274086194	0.147198617877762	-0.425912372055081	-0.162141013315378	0.263771358739703
733	0.316366353071444	0.00301964849496694	0.280625405047299	-0.313346704576477	-0.0357409480241453	0.277605756552332
734	-0.114316557561182	-0.023851762040938	-0.00677664733720401	0.0904647955202443	0.107539910223978	0.017075114703734
735	0.0524622971117276	-0.0693781031648896	-0.0787276842778038	-0.121840400276617	-0.131189981389531	-0.00934958111291426
737	-0.182330022333093	-0.497011006721995	-0.0773229940259363	-0.314680984388902	0.105007028307157	0.419688012696058
739	0.342761925183003	0.201989931316792	0.226523893084541	-0.140771993866211	-0.116238032098462	0.0245339617677494
740	0.445907435489102	0.406426602958948	0.386789279138903	-0.0394808325301542	-0.0591181563501999	-0.0196373238200457
741	0.419727450218951	1.72291557814659	-1.3013384892189	1.30318812792764	-1.72106593943785	-3.02425406736549
743	0.283734732786678	0.495769833373778	0.79688231751537	0.2120351005871	0.513147584728692	0.301112484141592
744	0.0280506788011461	-0.142178102172021	-0.0338477364437264	-0.170228780973167	-0.0618984152448724	0.108330365728294
747	0.111197142721639	0.0122204046700402	0.116987866032218	-0.0989767380515986	0.00579072331057964	0.104767461362178
748	-0.161258294580837	0.00146526187356716	0.268378850337624	0.162723556454404	0.429637144918461	0.266913588464057
749	-0.104047970047335	-0.435878964952274	-0.247544393637674	-0.331830994904939	-0.143496423590339	0.1883345713146
751	0.235522896803885	0.40260610782603	0.271239322374257	0.167083211022145	0.0357164255703724	-0.131366785451773
752	0.369356977367249	0.46756674530259	0.392955394356023	0.0982097679353409	0.0235984169887737	-0.0746113509465672
753	-0.160556891883631	0.0829951832250422	-0.359117001140402	0.243552075108673	-0.198560109256772	-0.442112184365444
754	0.150322957750259	0.0185118927021671	0.368890290613511	-0.131811065048092	0.218567332863252	0.350378397911344
756	-0.0782865284101098	-0.09370542190771	-0.0621861739136507	-0.0154188934976001	0.0161003544964591	0.0315192479940592
765	0.491994569521875	0.0450386383952379	0.0443977350125798	-0.446955931126637	-0.447596834509295	-0.000640903382658042
766	0.119459887101951	-0.217498532811221	-0.156287287082452	-0.336958419913172	-0.275747174184403	0.0612112457287691
771	0.3392479326982	0.215653773385514	0.402169694787846	-0.123594159312685	0.0629217620896457	0.186515921402331
772	3.67186320958408	4.30014084984779	1.1053945300679	0.628277640263712	-2.56646867951618	-3.19474631977989
773	0.103147911891472	0.249137773415267	0.450927328050909	0.145989861523796	0.347779416159437	0.201789554635641
774	0.0286641260804893	0.18813530618688	0.00443132856107609	0.159471180106391	-0.0242327975194133	-0.183703977625804
777	-0.235367282591901	-0.0379678501990204	-0.210033259249558	0.19739943239288	0.0253340233423423	-0.172065409050538
779	0.0267871311062902	0.15114948267334	0.28104287435745	0.124362351567049	0.25425574325116	0.129893391684111
780	-0.346773762229795	-0.0395434130305198	-0.205987334210585	0.307230349199275	0.140786428019211	-0.166443921180065
781	-0.510937444052181	-1.11643229262477	-0.774670152279279	-0.605494848572594	-0.263732708227098	0.341762140345496
782	0.0554644954996572	-0.132880036456512	-0.366628938906577	-0.188344531956169	-0.422093434406234	-0.233748902450065
786	0.0928486804334444	0.529160958593808	0.383479345523711	0.436312278160364	0.290630665090267	-0.145681613070097
789	-0.0969755217307745	0.049423654262636	0.240321797773515	0.14639917599341	0.33729731950429	0.190898143510879
791	0.0945982243387518	0.0259875704980506	0.0013662887468488	-0.0686106538407012	-0.093231935591903	-0.0246212817512018
798	-0.0173869578580681	-0.168005761703928	0.0904033435927735	-0.15061880384586	0.107790301450842	0.258409105296702
799	0.0730244408250274	0.380164150313888	0.337649966701021	0.30713970948886	0.264625525875994	-0.0425141836128665
802	0.148070010149467	0.362970861843454	0.131709641162941	0.214900851693988	-0.0163603689865261	-0.231261220680514
803	-0.513123039425294	-0.494637580827243	-0.235420740383751	0.0184854585980512	0.277702299041543	0.259216840443491
804	-0.43001606275483	-0.410161292736792	-0.130680669566479	0.0198547700180373	0.299335393188351	0.279480623170314
808	0.263353815275661	0.428459890896124	0.362642194891051	0.165106075620463	0.0992883796153896	-0.0658176960050732
809	-0.869544073721891	-0.601030586848279	-0.686536391957752	0.268513486873612	0.18300768176414	-0.0855058051094728
810	-0.0276578501500884	-0.0221421511926823	0.0689833307332164	0.00551569895740602	0.0966411808833047	0.0911254819258987
811	0.0501134388165674	0.168786198602621	0.226376203293583	0.118672759786054	0.176262764477015	0.0575900046909612
814	0.0406404507493899	-0.0959575832531536	-0.0202417685935315	-0.136598034002543	-0.0608822193429214	0.075715814659622
817	0.0601553670712162	-0.13448208487994	-0.0511897545897214	-0.194637451951157	-0.111345121660938	0.0832923302902189
822	0.0053307709995105	0.0262979525862138	-0.104654442611025	0.0209671815867033	-0.109985213610535	-0.130952395197238
824	0.114662705230152	0.0219913966834321	0.0908295179426625	-0.0926713085467196	-0.0238331872874893	0.0688381212592304
825	0.263101792259931	0.364145512095643	0.11452084733575	0.101043719835712	-0.14858094492418	-0.249624664759893
826	0.263843103345105	0.765546433559125	0.199253871747241	0.50170333021402	-0.0645892315978638	-0.566292561811884
830	0.147892187854921	0.10912815656142	0.361648143452051	-0.0387640312935014	0.21375595559713	0.252519986890632
831	0.238362658370266	0.223234339989334	0.214911823046975	-0.015128318380932	-0.0234508353232916	-0.00832251694235962
832	-0.426189741037236	-0.23114764217944	-0.230325408996241	0.195042098857797	0.195864332040995	0.000822233183198073
834	0.0130700276634165	0.140076368096473	-0.137292431958249	0.127006340433056	-0.150362459621666	-0.277368800054722
836	-0.0955488092472078	0.15628174009846	-0.163851666183273	0.251830549345668	-0.0683028569360653	-0.320133406281733
837	0.0219912032610705	-0.0636896336052365	0.0491565267273433	-0.085680836866307	0.0271653234662728	0.11284616033258
838	0.167186856670811	-0.0279301341327196	0.191361008858893	-0.19511699080353	0.0241741521880822	0.219291142991612
839	-0.0316207323190189	-0.113173166143809	-0.0799677877725981	-0.0815524338247904	-0.0483470554535792	0.0332053783712112
844	-0.0203646966839647	-0.0126413156409611	-0.0222095002466972	0.00772338104300357	-0.00184480356273251	-0.00956818460573608
845	-0.0796173673972592	0.248691748247485	0.311618160362559	0.328309115644744	0.391235527759818	0.0629264121150737
846	-2.86490919371848	-0.184310017574559	-0.448844300781151	2.68059917614392	2.41606489293733	-0.264534283206592
847	0.0125507177071477	0.0989453378786675	0.190386776825022	0.0863946201715199	0.177836059117874	0.091441438946354
851	-0.131347323688547	0.0804229012116401	0.126971865421291	0.211770224900187	0.258319189109839	0.0465489642096513
852	0.919411158703903	-0.193403778151345	0.769349063850771	-1.11281493685525	-0.150062094853132	0.962752842002117
854	-0.336807945819735	0.0430016606091591	-0.0473722691580896	0.379809606428894	0.289435676661645	-0.0903739297672486
855	-0.201017407312761	-0.0944412454021926	-0.0715845899023335	0.106576161910569	0.129432817410428	0.0228566554998592
856	-0.177010218286013	0.0607263542314838	0.0347062557177586	0.237736572517497	0.211716474003772	-0.0260200985137252
857	-0.292723974989703	-0.0485598270000994	0.0740557289375802	0.244164147989604	0.366779703927283	0.12261555593768
860	-0.171684337047277	-0.133781423869347	-0.0664594434522614	0.0379029131779299	0.105224893595015	0.0673219804170854
870	0.381011800999241	-0.251078349373086	-0.0397453325562965	-0.632090150372327	-0.420757133555537	0.21133301681679
871	-1.19874179415208	0.452541007042128	-1.50920315093418	1.65128280119421	-0.310461356782104	-1.96174415797631
872	-0.613617217923156	0.177910288270812	1.2026801459743	0.791527506193968	1.81629736389745	1.02476985770348
873	-0.814896435006071	-0.0977078792023162	-0.873434034219254	0.717188555803755	-0.0585375992131829	-0.775726155016938
874	1.35796227899371	-0.833227893878164	2.6286682137979	-2.19119017287187	1.2707059348042	3.46189610767607
875	-4.6846980986946	-0.0994612406840907	-3.64415395965006	4.58523685801051	1.04054413904453	-3.54469271896597
879	0.200561853772791	0.132023451954682	-0.00147702559533022	-0.0685384018181092	-0.202038879368121	-0.133500477550012
880	0.0833560307625691	0.547411320484334	0.778626266390192	0.464055289721765	0.695270235627623	0.231214945905858
881	-0.227590911951906	-0.0254937331744394	-0.304926214108567	0.202097178777466	-0.0773353021566614	-0.279432480934128
882	0.0202132208895087	-0.154691389792653	-0.0212749148755624	-0.174904610682161	-0.0414881357650712	0.13341647491709
888	0.032371010738128	-0.0280746568341734	-0.0344767772798795	-0.0604456675723014	-0.0668477880180075	-0.00640212044570612
890	0.0410944893497884	-0.170757737597147	-0.129833840125788	-0.211852226946936	-0.170928329475576	0.0409238974713596
892	0.100577334017202	0.0591560616612233	0.0322384519486986	-0.041421272355979	-0.0683388820685037	-0.0269176097125247
893	0.711414880675295	0.603531371312581	0.698319359978462	-0.107883509362714	-0.0130955206968334	0.0947879886658806
895	0.0999408907103566	-0.0700922440915622	0.112269169556619	-0.170033134801919	0.0123282788462624	0.182361413648181
896	-0.180264525323615	-0.114940684636144	0.121243833803319	0.0653238406874707	0.301508359126933	0.236184518439463
897	-0.115953085651094	-0.228649301928129	0.0126578568263387	-0.112696216277035	0.128610942477433	0.241307158754468
898	0.202143128675338	0.231803933837356	0.274725657414708	0.0296608051620183	0.0725825287393703	0.042921723577352
899	-0.0298434139087575	-0.0232461074716704	0.00703576410079615	0.00659730643708714	0.0368791780095537	0.0302818715724665
900	0.0837102284269846	0.143187106778968	0.153127224591986	0.0594768783519837	0.0694169961650014	0.00994011781301773
902	0.0499975074553331	-0.0864345607436893	-0.00855283229935119	-0.136432068199022	-0.0585503397546843	0.0778817284443381
903	-0.359161506791792	-0.321700059283397	0.0728830776008656	0.0374614475083951	0.432044584392658	0.394583136884263
904	0.25359996703953	0.141814507192402	0.265390294986619	-0.111785459847128	0.0117903279470896	0.123575787794218
908	0.15938220253086	0.18746744755832	0.339081449228313	0.0280852450274601	0.179699246697453	0.151614001669993
909	0.0121798877208667	-0.0284992256452987	-0.0592562470582049	-0.0406791133661654	-0.0714361347790716	-0.0307570214129062
911	0.472663100232047	0.0320420982507017	0.353203009569331	-0.440621001981345	-0.119460090662715	0.32116091131863
912	-0.0713934411798015	0.103847841589624	-0.156279672741602	0.175241282769425	-0.0848862315618009	-0.260127514331226
913	0.211156460951218	-0.00351809846300176	0.147777080091618	-0.21467455941422	-0.0633793808596001	0.151295178554619
921	-0.191241061027954	0.0929652588288147	0.0376117844692337	0.284206319856769	0.228852845497188	-0.055353474359581
929	-0.130907214747643	0.130166116212534	0.0296672575734518	0.261073330960178	0.160574472321095	-0.100498858639083
931	0.303197773113891	0.0377955389763547	0.122218536400001	-0.265402234137537	-0.180979236713891	0.0844229974236459
934	0.143913816110403	-0.0215606333444626	0.35253897857547	-0.165474449454866	0.208625162465067	0.374099611919933
936	-0.0767727540951642	0.0261374777403599	-0.26909775348567	0.102910231835524	-0.192324999390506	-0.29523523122603
943	0.355224394895215	0.141836104455818	0.246453307380903	-0.213388290439397	-0.108771087514312	0.104617202925084
946	0.230353858683698	-0.0341397882413259	-0.327242051065348	-0.264493646925024	-0.557595909749046	-0.293102262824022
947	0.487546558597772	0.0943459944708982	0.472845669699761	-0.393200564126874	-0.0147008888980114	0.378499675228863
949	0.264626748599812	-0.186131792659011	0.180327041413164	-0.450758541258823	-0.0842997071866476	0.366458834072176
951	0.33260311204619	-0.0674110286750548	0.222168594765369	-0.400014140721245	-0.110434517280822	0.289579623440423
952	0.113640660515145	0.112216551794512	-0.0164380005705997	-0.00142410872063261	-0.130078661085745	-0.128654552365112
955	-0.109061058730878	-0.0558333600445343	-0.107709604417589	0.0532276986863435	0.00135145431328876	-0.0518762443730547
959	0.306195272658218	0.683527081119143	0.655691274533951	0.377331808460925	0.349496001875732	-0.0278358065851927
962	0.0728089693548435	0.0344308889667107	-0.0381252653966435	-0.0383780803881328	-0.110934234751487	-0.0725561543633542
964	-0.816020265077464	-0.0400135956676057	-0.134891413433065	0.776006669409859	0.681128851644399	-0.0948778177654596
966	-0.119834470540608	-0.538323770367651	-0.792321519368608	-0.418489299827043	-0.672487048827999	-0.253997749000957
969	0.168152169108667	0.0929330850022146	0.192217306626061	-0.0752190841064526	0.0240651375173941	0.0992842216238466
973	0.116820290733193	0.0408746882069911	0.0241661320644566	-0.0759456025262019	-0.0926541586687364	-0.0167085561425345
974	-0.103451348612941	-0.382628743821052	-0.134458188139131	-0.279177395208112	-0.0310068395261905	0.248170555681921
975	-0.0654605513841472	-0.631990077576919	-0.827416515484602	-0.566529526192772	-0.761955964100455	-0.195426437907683
976	-0.3313949417987	0.23195085849447	0.210557258528186	0.56334580029317	0.541952200326886	-0.0213935999662843
982	-0.00595235321145318	-0.232372337090797	-0.395860302772318	-0.226419983879344	-0.389907949560865	-0.163487965681521
986	-0.305033094979927	0.24771384087004	0.478988676973353	0.552746935849967	0.784021771953281	0.231274836103314
987	-0.312554795615551	-0.187477786135427	0.000387375971528159	0.125077009480124	0.312942171587079	0.187865162106955
988	-0.199612168631283	-0.278469541347668	-0.0464032298038272	-0.078857372716385	0.153208938827455	0.23206631154384
989	-0.39387532535309	0.113643183178591	-0.553801940411125	0.507518508531682	-0.159926615058034	-0.667445123589716
990	0.277871214643493	0.450229837879604	0.370888976713943	0.172358623236112	0.0930177620704505	-0.0793408611656612
992	0.153680129370152	0.222641272362869	0.278449934596511	0.0689611429927172	0.12476980522636	0.0558086622336424
995	-0.302832470109405	-0.0289447190433091	-0.0222139578211901	0.273887751066096	0.280618512288215	0.00673076122211899
996	-0.0143908163704114	0.192127666983132	0.24118934762941	0.206518483353543	0.255580163999822	0.0490616806462784
998	0.645639213791298	0.0755864766555434	0.356513811092673	-0.570052737135755	-0.289125402698625	0.28092733443713
999	0.110498165883539	0.386630002641757	0.183083541129775	0.276131836758217	0.0725853752462358	-0.203546461511982
1006	-0.378013897048663	-0.170775509625576	-0.697667047616685	0.207238387423086	-0.319653150568022	-0.526891537991108
1008	-0.305844214108233	-0.393925544529538	-0.269603403821759	-0.0880813304213047	0.0362408102864744	0.124322140707779
1011	0.0129215664756587	0.224534512456401	0.164621068655878	0.211612945980742	0.151699502180219	-0.059913443800523
1012	-0.0449565166612377	0.0551791029568067	0.171338334668256	0.100135619618044	0.216294851329494	0.116159231711449
1014	-0.0473227632036942	-0.224611360124172	0.0550601240434138	-0.177288596920478	0.102382887247108	0.279671484167586
1016	-0.205197527345229	-0.316287449289933	-0.332610051507431	-0.111089921944704	-0.127412524162202	-0.0163226022174973
1020	-0.221574949268684	-0.0320322471203889	-0.0851172174651341	0.189542702148295	0.13645773180355	-0.0530849703447452
1021	0.494563798432266	0.392853753647015	0.161465069027415	-0.101710044785251	-0.333098729404851	-0.231388684619599
1025	0.165238847120935	-0.169616362059735	-0.16361570207322	-0.33485520918067	-0.328854549194155	0.00600065998651469
1031	0.0895684076177295	0.0196895416482606	0.0560477240183927	-0.069878865969469	-0.0335206835993368	0.0363581823701321
1032	0.148676383417782	-0.377851668973224	-0.00711027137034325	-0.526528052391006	-0.155786654788125	0.370741397602881
1037	0.0127534769216683	-0.110072411043865	-0.034423954834416	-0.122825887965533	-0.0471774317560843	0.0756484562094488
1039	0.432776556904511	0.384445042228722	0.646409579415747	-0.0483315146757888	0.213633022511236	0.261964537187025
1040	-0.0874954434229428	-0.0844503217993114	-0.143436192894436	0.0030451216236314	-0.0559407494714937	-0.0589858710951251
1042	0.147411154339378	-0.00862411564941415	0.211008515389741	-0.156035269988792	0.0635973610503633	0.219632631039156
1044	-0.203478484538656	-0.177564289240797	0.215319487306117	0.0259141952978589	0.418797971844772	0.392883776546913
1047	-0.0194166266699015	0.232500774843551	-0.111274290390681	0.251917401513453	-0.0918576637207798	-0.343775065234233
1048	0.202911555402713	0.136043600246657	0.0138305645981775	-0.0668679551560556	-0.189080990804535	-0.12221303564848
1051	0.146268197974711	0.0269571365640994	0.0402487760811178	-0.119311061410612	-0.106019421893593	0.0132916395170185
1054	-0.0978025658675765	-0.0325807140832148	-0.0181899238848592	0.0652218517843617	0.0796126419827174	0.0143907901983556
1056	0.0757463024324883	0.00190389307516624	0.0418500118547181	-0.0738424093573221	-0.0338962905777703	0.0399461187795518
1059	-0.801290810053997	-0.280306973916084	-0.59760554953036	0.520983836137913	0.203685260523636	-0.317298575614276
1061	-0.0619764556103462	-0.180909082509375	-0.0345440474038291	-0.118932626899029	0.027432408206517	0.146365035105546
1063	0.22611459226054	-0.0242870037897363	0.201883736842706	-0.250401596050277	-0.0242308554178347	0.226170740632442
1064	0.38327730633494	0.0851410660753787	0.053951402238581	-0.298136240259561	-0.329325904096359	-0.0311896638367977
1065	0.349701398652354	0.0411263385532134	0.156536352522806	-0.308575060099141	-0.193165046129549	0.115410013969593
1068	0.268697505257441	0.198469017761312	0.0596268794019336	-0.0702284874961284	-0.209070625855507	-0.138842138359379
1071	0.3771971971832	0.16439399726811	0.306382639156012	-0.21280319991509	-0.0708145580271877	0.141988641887902
1073	-0.0133386871952225	-0.109173137042767	-0.010983984888529	-0.0958344498475443	0.00235470230669349	0.0981891521542378
1077	0.262553448990901	0.0367737614809963	0.298712334591523	-0.225779687509905	0.0361588856006217	0.261938573110526
1078	0.17735290899109	0.176528888680969	-0.5147380558269	-0.000824020310121409	-0.69209096481799	-0.691266944507869
1083	0.194790753489103	0.249982383804182	0.370195249192008	0.0551916303150794	0.175404495702905	0.120212865387825
1084	-0.216455909037417	0.400304785491324	0.632068644037208	0.616760694528741	0.848524553074624	0.231763858545884
1086	0.22366931803929	-1.02092817486313	0.477283930908217	-1.24459749290242	0.253614612868926	1.49821210577135
1088	-0.0200186727518523	0.0255397503581244	-0.0674556777850659	0.0455584231099767	-0.0474370050332135	-0.0929954281431903
1089	0.0604795004921845	0.183532144822904	0.181192941924755	0.123052644330719	0.12071344143257	-0.00233920289814868
1091	0.162724776902456	0.0520148685306774	0.104070400124071	-0.110709908371779	-0.0586543767783849	0.052055531593394
1093	-0.506830490459167	-0.259715692601893	-0.191161369769494	0.247114797857274	0.315669120689672	0.0685543228323983
1095	0.0144360685942721	0.175425696834143	0.0687179180311137	0.160989628239871	0.0542818494368416	-0.10670777880303
1096	0.0967358061585747	0.0379023607650296	-0.0400291406194201	-0.0588334453935451	-0.136764946777995	-0.0779315013844497
1098	1.03793125774194	-0.0148258341810354	-0.301412800645196	-1.05275709192297	-1.33934405838713	-0.28658696646416
1101	0.391916674406614	-0.0763706659545403	0.388909899149759	-0.468287340361155	-0.00300677525685505	0.4652805651043
1104	0.00528434155251454	-0.183212136249685	0.00571195456978989	-0.1884964778022	0.000427613017275345	0.188924090819475
1105	-0.119967628322734	-0.129214858303019	0.209210997708869	-0.00924722998028418	0.329178626031603	0.338425856011887
1107	-0.344373787910485	-0.530695971179939	-0.0828181294592672	-0.186322183269454	0.261555658451218	0.447877841720672
1108	-0.122304980663522	-0.0763822151007209	0.00706322926735669	0.0459227655628007	0.129368209930878	0.0834454443680776
1117	-0.243441585285804	-0.109548993018782	0.119588372412487	0.133892592267023	0.363029957698292	0.229137365431269
1121	-0.0741559218135207	-0.00788377474938765	0.0203604992643786	0.066272147064133	0.0945164210778993	0.0282442740137663
1123	-1.94320977007737	-0.440472620417543	-1.46742045929534	1.50273714965983	0.475789310782034	-1.02694783887779
1124	-0.119329577479036	0.0272844219414503	-0.0152868601851675	0.146613999420487	0.104042717293869	-0.0425712821266179
1126	0.12013368632581	-0.0241808302344102	0.000194230471186566	-0.14431451656022	-0.119939455854624	0.0243750607055968
1127	-0.0912253609961349	0.0382126218085431	-0.0679094062890397	0.129437982804678	0.0233159547070953	-0.106122028097583
1132	-0.185144052008414	-0.231426813418526	-0.168251248123374	-0.0462827614101121	0.0168928038850406	0.0631755652951527
1133	-0.0666014173716417	0.0341902163688982	0.0287133327230392	0.10079163374054	0.0953147500946809	-0.00547688364585896
1138	-0.0690137522238122	-0.0688818620848504	-0.0135964399011099	0.00013189013896181	0.0554173123227024	0.0552854221837406
1139	0.00305880168918948	1.04720259360676	1.19590952775668	1.04414379191757	1.1928507260675	0.148706934149925
1142	-0.406774956517494	-0.28049638938477	-0.377934660622209	0.126278567132723	0.0288402958952845	-0.0974382712374389
1150	-0.343161871701212	0.129111022007174	-0.111557506598784	0.472272893708386	0.231604365102428	-0.240668528605957
1152	0.0272942804171652	-0.115657492882546	-0.148987635308308	-0.142951773299711	-0.176281915725473	-0.033330142425762
1153	0.212882808986914	0.0474636191023295	0.141120564170321	-0.165419189884584	-0.0717622448165932	0.0936569450679913
1156	0.190319174234949	0.174291437382867	0.249181900654202	-0.0160277368520828	0.0588627264192525	0.0748904632713353
1165	-0.300058639520215	-0.40303998140375	-0.261817599596894	-0.102981341883535	0.038241039923321	0.141222381806856
1166	0.367664430670818	0.24779872401006	0.350190436212274	-0.119865706660758	-0.0174739944585438	0.102391712202214
1168	-0.269604678040849	-0.447658350507048	-0.720919633877392	-0.1780536724662	-0.451314955836544	-0.273261283370344
1169	0.192855341687776	0.375379993561171	-0.103377648972145	0.182524651873394	-0.296232990659921	-0.478757642533316
1170	-0.0657765176684942	-0.288924302641877	-0.0499544457145427	-0.223147784973382	0.0158220719539514	0.238969856927334
1172	-0.286392464558895	-0.322708741242547	-0.0984603840612945	-0.0363162766836525	0.1879320804976	0.224248357181253
1173	-0.0455364634615062	0.017108573710666	-0.0211113176834102	0.0626450371721722	0.0244251457780959	-0.0382198913940762
1174	-0.0403894680169764	0.00923108835148354	-0.147515327343179	0.0496205563684599	-0.107125859326202	-0.156746415694662
1178	-0.153417469430391	-0.029606676361136	0.0220068964846722	0.123810793069255	0.175424365915063	0.0516135728458082
1180	-0.14692915726726	0.0765933094343908	0.570610102665307	0.223522466701651	0.717539259932567	0.494016793230916
1182	-0.0374440288503288	-8.2727011338172e-05	0.16465674747124	0.0373613018389906	0.202100776321569	0.164739474482579
1184	-0.138027871914457	-0.113669936415303	-0.156773261111718	0.0243579354991542	-0.0187453891972608	-0.043103324696415
1185	-0.0667653396022395	-0.252120381614158	-0.455219011331612	-0.185355042011918	-0.388453671729373	-0.203098629717455
1186	-0.0219048581008521	0.0442770242181961	0.152626982719851	0.0661818823190483	0.174531840820703	0.108349958501655
1187	0.253013207722919	0.154598854187918	0.377338571252508	-0.0984143535350014	0.124325363529589	0.22273971706459
1189	-0.0886679195280365	0.303183672521001	0.42523114922861	0.391851592049038	0.513899068756647	0.122047476707609
1190	0.765630708746152	1.29053383084854	1.76034327588796	0.524903122102387	0.994712567141809	0.469809445039422
1191	0.0624564994404073	0.242932159278539	0.218542143674332	0.180475659838131	0.156085644233925	-0.0243900156042068
1193	0.242801034985097	0.316402033254767	0.370062166414368	0.0736009982696703	0.127261131429272	0.0536601331596015
1195	0.0724112571275796	-0.163769450015249	-0.139488455364212	-0.236180707142829	-0.211899712491792	0.0242809946510371
1197	0.0689150304458443	0.105427311466827	-0.0339065893353405	0.036512281020983	-0.102821619781185	-0.139333900802168
1198	-0.0748101655758249	-0.0988562504183959	0.0614246016611717	-0.024046084842571	0.136234767236997	0.160280852079568
1199	-0.136131695966462	0.250705735166598	0.11188423406103	0.38683743113306	0.248015930027492	-0.138821501105568
1200	0.0808149774515662	-0.0255354292603455	0.0113122017476648	-0.106350406711912	-0.0695027757039014	0.0368476310080103
1201	0.173745380097538	0.0750004594899158	0.105023808529487	-0.0987449206076223	-0.0687215715680515	0.0300233490395707
1203	-0.252291200502168	-0.0377845681794551	-0.0688744827252243	0.214506632322713	0.183416717776944	-0.0310899145457692
1204	0.0273334101270182	0.162225120288705	-0.178027666246715	0.134891710161687	-0.205361076373733	-0.34025278653542
1205	0.442250170896754	0.225582968929917	0.308725072821245	-0.216667201966838	-0.133525098075509	0.0831421038913288
1206	0.142616948624336	0.00870529676169421	0.164400227391297	-0.133911651862642	0.0217832787669612	0.155694930629603
1209	0.223695366626004	-0.081197325957771	0.217601319748984	-0.304892692583775	-0.00609404687701943	0.298798645706755
1211	0.430725103502469	0.254565155540612	0.317700546298542	-0.176159947961857	-0.113024557203927	0.0631353907579298
1214	-0.163082218684234	0.342430261979858	0.224283082359932	0.505512480664092	0.387365301044166	-0.118147179619926
1215	0.439014025090365	0.0500504001132152	-0.141958733014828	-0.388963624977149	-0.580972758105193	-0.192009133128043
1217	-0.185576885830534	0.0240997840098703	-0.00844814841185504	0.209676669840404	0.177128737418679	-0.0325479324217253
1226	0.22062699863379	-0.0747719075046348	0.00524933403021906	-0.295398906138425	-0.215377664603571	0.0800212415348538
1228	-0.101837676849478	-0.046638039311444	-0.0723985005153987	0.0551996375380337	0.029439176334079	-0.0257604612039547
1229	-0.102762960852663	0.124116790758122	0.203929351186609	0.226879751610785	0.306692312039272	0.0798125604284865
1231	-0.0431264722383327	-0.345621722372822	0.236370099236933	-0.302495250134489	0.279496571475266	0.581991821609755
1238	-0.144849154108454	0.014116502460695	-0.101117242670942	0.158965656569149	0.0437319114375113	-0.115233745131637
1239	0.338427921963063	-0.0642407335725227	-0.143870823842175	-0.402668655535586	-0.482298745805238	-0.0796300902696518
1241	-0.174164847823576	-0.0962177172752958	-0.166966978158242	0.0779471305482804	0.0071978696653338	-0.0707492608829466
1243	0.336675058046508	-0.112384368802358	-0.0346838731097344	-0.449059426848867	-0.371358931156242	0.0777004956926241
1244	0.120521208790489	-0.0253287077358111	-0.0573391676294745	-0.1458499165263	-0.177860376419964	-0.0320104598936635
1248	0.00296462750498561	-0.380270368175095	-0.0471663306865726	-0.383234995680081	-0.0501309581915582	0.333104037488523
1249	0.0766558994406562	0.0158198821591982	-0.0482110823309021	-0.060836017281458	-0.124866981771558	-0.0640309644901003
1253	0.264840384607313	0.223762760798998	0.340510322290363	-0.0410776238083154	0.0756699376830499	0.116747561491365
1256	0.129348470384922	-0.372889409692786	0.211705091781178	-0.502237880077708	0.0823566213962557	0.584594501473964
1259	-0.137867406113467	0.145956728644777	0.135454615783085	0.283824134758244	0.273322021896552	-0.0105021128616919
1262	-0.0128573804144122	0.0593083699344791	-0.0651967267346461	0.0721657503488913	-0.0523393463202339	-0.124505096669125
1263	0.168774742503362	0.508447324978111	0.429763093069675	0.339672582474749	0.260988350566313	-0.0786842319084354
1265	0.094620787690756	0.172049102319012	0.291403039572185	0.077428314628256	0.196782251881429	0.119353937253173
1268	-0.00250564254477433	-0.0831021131407699	0.0504865988237784	-0.0805964705959956	0.0529922413685527	0.133588711964548
1269	0.0271455686716875	0.205257547450379	0.464886357035555	0.178111978778691	0.437740788363867	0.259628809585176
1272	0.0314211326763789	-0.116644264219033	-0.0328850593235956	-0.148065396895412	-0.0643061919999745	0.0837592048954375
1273	0.0508609935591437	-0.0355802993239863	-0.0871608699937567	-0.08644129288313	-0.1380218635529	-0.0515805706697705
1274	-0.113339779135422	-0.0772028052733569	-0.278195489093219	0.0361369738620648	-0.164855709957797	-0.200992683819862
1277	-0.247654589485175	0.194785626652384	-0.115447273873461	0.442440216137559	0.132207315611714	-0.310232900525845
1278	0.196581856622413	-0.193806237663942	-0.260609680786899	-0.390388094286355	-0.457191537409312	-0.0668034431229568
1280	-0.480292854820401	-0.326321555011572	-0.367100825148137	0.15397129980883	0.113192029672264	-0.0407792701365654
1281	-0.0171480112710108	0.0588699381588028	-0.136363610684396	0.0760179494298136	-0.119215599413386	-0.195233548843199
1282	0.188205101704344	0.111115617020708	0.160439589690671	-0.0770894846836367	-0.0277655120136731	0.0493239726699636
1283	0.654073275461597	0.41195563954158	0.110584660515932	-0.242117635920018	-0.543488614945665	-0.301370979025647
1285	-0.03732087614027	0.0310673906184769	-0.0852638370752752	0.068388266758747	-0.0479429609350051	-0.116331227693752
1287	-0.27183267846736	-0.0505477859890893	-0.202169236500344	0.221284892478271	0.0696634419670158	-0.151621450511255
1290	-0.331329121593297	0.251515964167675	0.258681089602718	0.582845085760972	0.590010211196016	0.00716512543504333
1291	0.0425104032307461	0.0157958707931736	-0.0603210534494712	-0.0267145324375725	-0.102831456680217	-0.0761169242426448
1292	0.0798700888095796	0.0352337641339068	0.0100881126307959	-0.0446363246756728	-0.0697819761787837	-0.025145651503111
1293	0.459598495286091	0.00897907414238871	0.661580636737987	-0.450619421143703	0.201982141451896	0.652601562595599
1294	-0.333863751862428	-0.490091143448657	-0.19975410590403	-0.15622739158623	0.134109645958398	0.290337037544628
1296	0.12945888418882	-0.00015344648317224	0.178647153859968	-0.129612330671992	0.0491882696711482	0.17880060034314
1297	-0.00952039697681883	-0.0144587459264841	0.182080352147472	-0.00493834894966524	0.191600749124291	0.196539098073956
1298	0.41325692448649	0.249108648372186	0.324910620405033	-0.164148276114304	-0.088346304081457	0.0758019720328473
1300	-0.0492815393745955	0.0976574779109112	0.0430829358158516	0.146939017285507	0.0923644751904472	-0.0545745420950595
1303	-0.213463766759397	0.17130829479904	0.0278238122541692	0.384772061558438	0.241287579013566	-0.143484482544871
1304	-0.333766835998108	0.0817583893499421	-0.120660340557292	0.41552522534805	0.213106495440816	-0.202418729907234
1305	-0.00457143570402004	0.0892525663663465	0.209791733964875	0.0938240020703666	0.214363169668895	0.120539167598528
1307	-0.19314098913584	-0.136742510538819	-0.127271543922209	0.0563984785970215	0.0658694452136313	0.00947096661660976
1310	0.319088244131214	0.179799941087648	0.307948748502879	-0.139288303043566	-0.0111394956283348	0.128148807415231
1311	-0.296018135766835	-0.0462307119755405	0.160457415741707	0.249787423791294	0.456475551508542	0.206688127717248
1312	0.274854111964794	0.198826555622845	0.209747079727609	-0.0760275563419488	-0.0651070322371844	0.0109205241047644
1315	0.567556821457661	0.216712900220163	0.643772741526393	-0.350843921237498	0.0762159200687316	0.42705984130623
1319	0.107653440579764	0.274124854122932	0.288880451135162	0.166471413543169	0.181227010555398	0.0147555970122291
1321	-0.247240518911951	-0.0514298091788957	-0.243689092947786	0.195810709733056	0.00355142596416502	-0.192259283768891
1322	0.222347996504133	-0.378495547201477	0.260425408125203	-0.60084354370561	0.0380774116210702	0.63892095532668
1326	0.27413044025523	0.209085256494853	0.12179569835622	-0.0650451837603776	-0.152334741899011	-0.087289558138633
1327	-0.111862497338516	0.0420242798178128	0.0498178264621192	0.153886777156329	0.161680323800635	0.00779354664430645
1328	-0.191317190465133	-0.113881399644251	-0.131567344261302	0.0774357908208815	0.0597498462038311	-0.0176859446170504
1329	-0.275793555029305	-0.142359651032788	0.0610782713879478	0.133433903996517	0.336871826417253	0.203437922420736
1330	-0.121194171505273	-0.137880222990275	-0.12982111453103	-0.0166860514850027	-0.00862694302575795	0.00805910845924478
1331	0.12129131710877	0.00704634047633847	0.0754494265926712	-0.114244976632431	-0.0458418905160986	0.0684030861163327
1332	0.0101267312987896	0.169589760552383	0.0880149341796809	0.159463029253594	0.0778882028808913	-0.0815748263727024
1333	0.00185471800755789	0.0953542588237402	0.235250986286239	0.0934995408161823	0.233396268278681	0.139896727462499
1334	-0.333980869396403	0.204166229053461	0.167930358184208	0.538147098449863	0.501911227580611	-0.0362358708692526
1343	-0.889514494099616	-0.557595683061777	-0.387050737574809	0.331918811037839	0.502463756524806	0.170544945486967
1344	-0.0254738097724638	-0.211138284952115	-0.0813606297236496	-0.185664475179651	-0.0558868199511858	0.129777655228465
1345	-0.0303091914637427	0.016854560664139	-0.00959714694859765	0.0471637521278818	0.0207120445151451	-0.0264517076127367
1346	-0.0953772191420271	-0.293519358748913	-0.325591040452054	-0.198142139606886	-0.230213821310027	-0.0320716817031408
1347	0.00206660939857563	0.0153504092206947	0.0363390622071439	0.0132837998221191	0.0342724528085683	0.0209886529864492
1353	-0.0222806361896137	0.285993681868061	0.257937706128773	0.308274318057674	0.280218342318386	-0.0280559757392879
1354	-0.166486910660345	0.0620186664506859	0.0774781372035148	0.22850557711103	0.243965047863859	0.0154594707528289
1355	-0.217550749718301	0.0750751273429068	-0.0218124043668623	0.292625877061208	0.195738345351439	-0.0968875317097691
1356	-0.250697949112969	-0.0902942393399696	-0.26563004123628	0.160403709773	-0.0149320921233105	-0.17533580189631
1357	0.0592365208150703	-0.0922859007428676	0.0299294425775215	-0.151522421557938	-0.0293070782375488	0.122215343320389
1360	0.00229481364830622	-0.33156897140295	0.108988409123059	-0.333863785051256	0.106693595474753	0.440557380526008
1361	-0.185089830096787	-0.222607073384437	-0.0829581201557231	-0.0375172432876504	0.102131709941063	0.139648953228714
1362	0.47599356265318	0.146408580854161	0.284490728361309	-0.329584981799019	-0.191502834291871	0.138082147507148
1363	-0.0275103454681497	0.0224342799561181	0.0693483506164946	0.0499446254242678	0.0968586960846444	0.0469140706603766
1365	0.152016324170501	0.202878923982451	0.183298145140532	0.0508625998119504	0.0312818209700314	-0.019580778841919
1368	0.0936435990633509	-0.0134919488001243	0.038652311039827	-0.107135547863475	-0.0549912880235239	0.0521442598399514
1370	-0.0380249592230579	0.136939856781964	0.13185990331311	0.174964816005021	0.169884862536168	-0.0050799534688535
1373	-0.705045978666372	-0.215446868640863	-0.577742002615669	0.489599110025509	0.127303976050703	-0.362295133974806
1376	-0.40248738926591	-0.579996758090857	-0.496975684558862	-0.177509368824947	-0.0944882952929516	0.0830210735319954
1378	-0.0179135642465521	-0.252600322515599	0.208722437958765	-0.234686758269047	0.226636002205317	0.461322760474364
1379	0.106979096904761	0.263525799400778	0.00347973122584683	0.156546702496017	-0.103499365678914	-0.260046068174931
1381	-0.267894530248693	-0.413279847902475	-0.000523571770217446	-0.145385317653782	0.267370958478476	0.412756276132257
1382	0.509940988629854	0.0802448077419374	-0.126720584132148	-0.429696180887917	-0.636661572762002	-0.206965391874085
1383	-0.397637118610412	0.314985183510167	-0.00101497804610108	0.712622302120579	0.396622140564311	-0.316000161556268
1385	-0.187284078182556	-0.236091843201153	-0.109571221919333	-0.0488077650185971	0.077712856263223	0.12652062128182
1387	0.178339985075615	-0.059978301066774	-0.0119399252044022	-0.238318286142389	-0.190279910280017	0.0480383758623718
1388	-0.355149672911849	0.338257791208357	0.179558541087634	0.693407464120206	0.534708213999483	-0.158699250120724
1391	-0.0250425508574816	0.171315545286069	0.046527035896061	0.196358096143551	0.0715695867535426	-0.124788509390008
1394	0.0115009423604682	0.11580126017454	0.100759298846604	0.104300317814072	0.0892583564861358	-0.0150419613279359
1395	0.0730537000313985	0.0955460825404687	0.189704691015807	0.0224923825090703	0.116650990984409	0.0941586084753387
1396	0.461245752377304	0.772337044551242	0.185346975754699	0.311091292173939	-0.275898776622605	-0.586990068796543
1398	-0.0824425975850042	0.206466889514316	0.351671058072988	0.28890948709932	0.434113655657992	0.145204168558672
1400	-0.150356534300116	-0.225671144026505	-0.0967263244886219	-0.075314609726389	0.0536302098114946	0.128944819537884
1402	0.164341057334801	0.50859752586161	-0.119464292898873	0.344256468526809	-0.283805350233674	-0.628061818760484
1403	-0.00060630177017118	-0.222533868960551	1.32884611665564	-0.22192756719038	1.32945241842581	1.55137998561619
1404	0.0514269693551872	0.249143011712114	0.128968059647147	0.197716042356927	0.0775410902919597	-0.120174952064967
1405	-0.0458267667839148	0.166299569991632	0.145595412884983	0.212126336775547	0.191422179668898	-0.0207041571066489
1407	0.228976900013756	0.355936402593884	0.263761374557494	0.126959502580128	0.0347844745437374	-0.0921750280363901
1408	0.290627096365461	0.215766795276692	0.287300995204777	-0.0748603010887693	-0.00332610116068396	0.0715341999280854
1409	0.701702661386563	0.014766194723377	0.906257084404869	-0.686936466663186	0.204554423018306	0.891490889681492
1413	-0.0600970376245572	0.419884388934041	-0.11397185480112	0.479981426558598	-0.0538748171765624	-0.53385624373516
1419	1.60553320251337	0.252228776185296	-0.00955675734568651	-1.35330442632807	-1.61508995985905	-0.261785533530982
1420	0.507252044128177	1.08621881800368	0.560211921403806	0.578966773875499	0.0529598772756297	-0.526006896599869
1421	0.496471093205537	0.445041284977458	0.381175898475983	-0.0514298082280794	-0.115295194729555	-0.0638653865014753
1422	-0.0488363306603607	-0.0837755338401569	0.212616071347852	-0.0349392031797962	0.261452402008212	0.296391605188009
1423	5.01653953321431	-0.112973610579068	3.50934986627207	-5.12951314379338	-1.50718966694224	3.62232347685114
1424	2.99192457872097	1.10175815501863	2.98548969400965	-1.89016642370234	-0.0064348847113278	1.88373153899101
1425	4.25169327840753	1.07380544484848	4.71589021179089	-3.17788783355904	0.464196933383361	3.6420847669424
1426	0.404956548230365	0.768985278026326	0.490179980644496	0.364028729795961	0.0852234324141306	-0.27880529738183
1427	0.630120019245282	0.257123700442029	0.828989877494114	-0.372996318803253	0.198869858248832	0.571866177052084
1429	0.59125852261158	0.280535027617448	-0.819848044944527	-0.310723494994132	-1.41110656755611	-1.10038307256198
1432	0.0395984559214556	0.199124490365274	-0.0170231066544503	0.159526034443819	-0.0566215625759059	-0.216147597019725
1434	0.6214871231004	0.55685962922622	0.925392262550803	-0.0646274938741792	0.303905139450404	0.368532633324583
1435	0.0420056334382367	-0.0369448993268493	-0.00106633164639386	-0.078950532765086	-0.0430719650846306	0.0358785676804555
1436	-0.137478197211118	0.144442770270826	0.258696624326356	0.281920967481943	0.396174821537473	0.11425385405553
1437	-0.100144911532237	-0.0479542284836294	-0.098624007192789	0.0521906830486073	0.00152090433944763	-0.0506697787091596
1439	-0.13438309010161	-0.183261319135084	-0.0581412417778277	-0.0488782290334745	0.076241848323782	0.125120077357256
1440	0.0293745789436022	-0.209311743821555	-0.141433718294139	-0.238686322765157	-0.170808297237742	0.0678780255274158
1441	-0.0403404969854721	-0.199706655929921	-0.317796207650777	-0.159366158944449	-0.277455710665305	-0.118089551720856
1446	0.20776608585021	0.307821755388309	-0.0236519519531654	0.1000556695381	-0.231418037803375	-0.331473707341475
1448	0.13492824519422	-0.0186442114727017	-0.019633747485312	-0.153572456666922	-0.154561992679532	-0.000989536012610315
1449	0.563026930961239	0.335507937099653	0.0726139519477894	-0.227518993861586	-0.49041297901345	-0.262893985151864
1450	0.326328976958075	0.401305403428851	-0.236937651280945	0.074976426470776	-0.56326662823902	-0.638243054709796
1451	0.146086568834165	0.16858619997598	0.20506290167318	0.0224996311418147	0.0589763328390144	0.0364767016971996
1453	0.193059190630914	0.583542954040278	0.130967386895254	0.390483763409364	-0.0620918037356595	-0.452575567145023
1454	0.230554650001768	0.0952597992101184	-0.0312560422945616	-0.13529485079165	-0.26181069229633	-0.12651584150468
1455	-0.17640987149234	-0.217698133076443	0.230929011226545	-0.0412882615841023	0.407338882718886	0.448627144302988
1456	0.712626515514592	-0.000540125153012383	0.566708231945856	-0.713166640667604	-0.145918283568736	0.567248357098868
1458	0.195982334882803	0.442366449299946	0.763469274156618	0.246384114417143	0.567486939273815	0.321102824856673
1460	1.89880498519104	1.80577389015477	0.902920376488951	-0.0930310950362686	-0.995884608702092	-0.902853513665823
1465	-0.0339225216110031	-0.0449989022313978	0.0331343591383444	-0.0110763806203947	0.0670568807493475	0.0781332613697422
1477	-0.847774242556066	-0.549157989062114	-0.488506721780127	0.298616253493952	0.359267520775939	0.060651267281987
1479	0.130196740922378	0.00270089011945791	0.276617525548918	-0.12749585080292	0.14642078462654	0.27391663542946
1482	-0.112628952340229	-0.461963329903635	-0.143450574001249	-0.349334377563406	-0.0308216216610193	0.318512755902387
1483	0.0312149077415404	0.252558178136457	0.203074592343007	0.221343270394916	0.171859684601466	-0.0494835857934499
1485	0.255529156679314	0.292476902658176	0.354500071734457	0.0369477459788629	0.0989709150551432	0.0620231690762803
1487	0.304612829784585	0.0558227282122239	0.407806531278189	-0.248790101572361	0.103193701493604	0.351983803065965
1492	-0.227538924023297	-0.205868773098561	0.0124512268556993	0.0216701509247361	0.239990150878996	0.21831999995426
1494	0.225414502319975	0.165875759167661	0.0961652404500196	-0.0595387431523139	-0.129249261869955	-0.0697105187176415
1495	0.157390398778546	0.149387371191237	0.00320193404774817	-0.00800302758730917	-0.154188464730798	-0.146185437143489
1502	-0.369421398926666	0.211222841303845	0.159443129588579	0.58064424023051	0.528864528515244	-0.0517797117152661
1503	0.702144883963069	0.68317641174075	1.07603751442625	-0.0189684722223192	0.373892630463181	0.3928611026855
1504	-1.89347720998787	-0.142678569159493	-3.14820062263823	1.75079864082838	-1.25472341265036	-3.00552205347873
1506	-0.272014166345909	-0.190552530795405	-0.697817961643849	0.081461635550504	-0.42580379529794	-0.507265430848444
1507	0.379310128882081	-0.0235156967395564	0.753716135284831	-0.402825825621638	0.374406006402749	0.777231832024387
1508	1.1503869782907	1.99903688575949	0.357407345194173	0.848649907468791	-0.792979633096528	-1.64162954056532
1509	0.0198066169181775	0.371032174742791	0.0648142471669781	0.351225557824613	0.0450076302488006	-0.306217927575812
1510	0.367396344358325	0.656402384029873	0.40137622542066	0.289006039671548	0.033979881062335	-0.255026158609213
1518	0.308029313785137	-0.167593391797486	0.00546005334882692	-0.475622705582623	-0.302569260436311	0.173053445146312
1521	0.294403199642205	0.0387762689328146	-0.0566252716800997	-0.255626930709391	-0.351028471322305	-0.0954015406129143
1523	0.0506067157008603	-0.151052213647749	-0.0946071413968926	-0.20165892934861	-0.145213857097753	0.0564450722508567
1528	0.0824448779732999	-0.024971898603734	-0.0328919102556811	-0.107416776577034	-0.115336788228981	-0.00792001165194703
1529	0.400199926704671	0.26242454960493	-0.185504103348643	-0.137775377099741	-0.585704030053314	-0.447928652953573
1534	-0.114154788724423	-0.424180798469614	-0.215408420084777	-0.310026009745191	-0.101253631360353	0.208772378384838
1535	-0.195453231776284	-0.351341473199006	-0.272415316641715	-0.155888241422721	-0.0769620848654307	0.0789261565572907
1537	0.854074592319406	0.216908646671973	0.345211966998899	-0.637165945647433	-0.508862625320507	0.128303320326926
1539	-0.156523181002735	3.03361774771912	2.47991393428516	3.19014092872185	2.6364371152879	-0.553703813433957
1540	0.118393938089995	0.354030447668627	0.677268451098947	0.235636509578631	0.558874513008952	0.32323800343032
1544	-0.0145008153300815	-0.54606086042637	-0.166476228251701	-0.531560045096288	-0.151975412921619	0.379584632174669
1545	-0.658243874273028	0.987703173039188	-0.479005620373993	1.64594704731222	0.179238253899035	-1.46670879341318
1547	-0.0272596431388416	0.0842618807105644	0.0583638343468448	0.111521523849406	0.0856234774856865	-0.0258980463637196
1549	-0.0584409810368637	0.126739426286439	0.20248411584055	0.185180407323303	0.260925096877414	0.0757446895541107
1550	-0.742060658479834	-0.185538371790456	-0.3333801894706	0.556522286689378	0.408680469009234	-0.147841817680144
1552	0.248785272871237	-0.124319672889341	-0.110472324184251	-0.373104945760578	-0.359257597055488	0.0138473487050904
1554	-0.162594525204443	0.0532463689606238	0.0768996285405735	0.215840894165066	0.239494153745016	0.0236532595799497
1555	0.315231957269027	-0.723307299258262	0.495082949507389	-1.03853925652729	0.179850992238362	1.21839024876565
1556	0.138512825986611	0.16294346153569	0.250283370557773	0.024430635549079	0.111770544571162	0.0873399090220834
1562	0.0940406062968317	0.0224031927542191	-0.0601971765907475	-0.0716374135426125	-0.154237782887579	-0.0826003693449667
1563	-0.012108435478981	-0.00337048953596453	-0.0735469264278998	0.00873794594301652	-0.0614384909489188	-0.0701764368919353
1567	-0.355633304025091	-0.149846747988107	-0.26669669093271	0.205786556036984	0.0889366130923804	-0.116849942944603
1568	-0.0104902846602705	0.205348575365486	0.144208992478264	0.215838860025756	0.154699277138534	-0.061139582887222
1570	0.0903912421715954	0.118649148730232	0.101847543528792	0.0282579065586362	0.0114563013571968	-0.0168016052014393
1576	0.134937367783336	0.300187024883967	0.0691515811931082	0.165249657100631	-0.0657857865902274	-0.231035443690859
1581	-0.196166885202883	0.193247680718457	0.223567083508719	0.38941456592134	0.419733968711602	0.0303194027902625
1587	0.294109122830932	0.063982178487559	0.135113006332565	-0.230126944343373	-0.158996116498366	0.0711308278450064
1589	0.152568293598732	-0.0248960293950705	-0.155064011333855	-0.177464322993802	-0.307632304932587	-0.130167981938785
1590	-0.13064749590033	0.0414577246583965	0.0936987341580723	0.172105220558726	0.224346230058402	0.0522410094996758
1606	0.226613610930339	0.22909071993509	0.239181154386538	0.00247710900475173	0.0125675434561998	0.0100904344514481
1608	0.0452139918832622	0.0333812172469769	0.0787074106272645	-0.0118327746362853	0.0334934187440023	0.0453261933802876
1610	-0.0398401787287128	0.0343508861570958	-0.166575393528857	0.0741910648858085	-0.126735214800144	-0.200926279685953
1618	-0.0924241870747527	0.221008331362269	0.131961714679477	0.313432518437021	0.22438590175423	-0.0890466166827917
1619	-0.0568555566790565	-0.0636423356466687	-0.0921346980861419	-0.00678677896761222	-0.0352791414070854	-0.0284923624394732
1621	0.442769158111639	0.332845921153459	0.250586659542157	-0.109923236958179	-0.192182498569482	-0.0822592616113028
1625	-0.0757009043681146	-1.07796874870285	-0.332335551429889	-1.00226784433474	-0.256634647061775	0.745633197272961
1627	0.262434657315122	-0.253544617717284	-0.152099036455053	-0.515979275032406	-0.414533693770175	0.101445581262231
1628	0.0543686294868376	-0.163099059922255	-0.219997130052823	-0.217467689409092	-0.274365759539661	-0.0568980701305686
1631	0.534399763788032	0.582658062340902	0.369581379280983	0.0482582985528706	-0.164818384507048	-0.213076683059919
1633	0.134205093699208	-0.0486142555629015	0.0207639254603341	-0.182819349262109	-0.113441168238874	0.0693781810232356
1634	0.0443431107710993	0.165003422911552	0.0999975163515968	0.120660312140453	0.0556544055804976	-0.0650059065599553
1635	-1.00880646286276	-1.02028296316042	-1.49137235591742	-0.0114765002976527	-0.482565893054662	-0.471089392757009
1639	0.00332649929058984	-0.129955017632646	-0.213858915035696	-0.133281516923236	-0.217185414326286	-0.08390389740305
1642	-0.023762373863768	0.033635968064534	-0.0325355736535966	0.057398341928302	-0.00877319978982861	-0.0661715417181306
1644	0.217495104648828	0.092565086371189	0.133169196645228	-0.124930018277639	-0.0843259080036005	0.0406041102740385
1652	-0.0600471117392793	0.233576806511535	0.378372204716163	0.293623918250814	0.438419316455443	0.144795398204628
1658	0.181331757433738	0.249534642198007	0.233047803974015	0.0682028847642691	0.051716046540277	-0.0164868382239921
1662	0.582241379571288	-0.00645309726964903	-0.438220811629015	-0.588694476840937	-1.0204621912003	-0.431767714359366
1666	-0.0336394435751697	0.0487597462058101	0.0138212008591183	0.0823991897809798	0.0474606444342879	-0.0349385453466918
1674	-0.44259115197079	-0.950130182096832	-0.679230393131566	-0.507539030126042	-0.236639241160775	0.270899788965266
1677	0.27611170444902	-0.538986094037571	0.605859506587282	-0.815097798486591	0.329747802138263	1.14484560062485
1680	-0.284278150977478	-0.260481172067271	-0.308804687612792	0.0237969789102068	-0.0245265366353137	-0.0483235155455206
1681	-0.0174319023909396	-0.196513152454057	0.0117144432685768	-0.179081250063118	0.0291463456595163	0.208227595722634
1686	-0.0610058911453317	0.194940512002689	0.15732863477299	0.255946403148021	0.218334525918321	-0.0376118772296993
1698	0.104120217552126	-0.0761078816590229	-0.0801182436057275	-0.180228099211149	-0.184238461157854	-0.00401036194670459
1701	0.351206707554907	0.130694289000613	0.666292172698592	-0.220512418554294	0.315085465143685	0.535597883697979
1703	-0.476082688632037	-0.678340560483068	-0.490940403205343	-0.202257871851032	-0.0148577145733069	0.187400157277725
1704	-0.14477639825871	-0.144260359264643	-0.136246664469718	0.000516038994067389	0.00852973378899256	0.00801369479492517
1707	0.0987779122201387	0.116383495471149	0.0555883357668114	0.0176055832510104	-0.0431895764533273	-0.0607951597043377
1709	-0.232025202928127	-0.602426631769526	-0.436796007194657	-0.370401428841399	-0.20477080426653	0.165630624574869
1711	0.0123701328212721	-0.835737169332265	0.094995132226752	-0.848107302153538	0.0826249994054799	0.930732301559018
1712	0.425077788565793	0.264940547577173	0.10986252159648	-0.160137240988621	-0.315215266969313	-0.155078025980692
1713	-0.11328208207518	-0.249041421158627	-0.228179678556073	-0.135759339083447	-0.114897596480893	0.0208617426025539
1718	-0.297141351105953	-0.0432229293132488	0.174381518232106	0.253918421792705	0.471522869338059	0.217604447545355
1719	0.00714736159143999	0.354863898002316	-0.162825248049299	0.347716536410876	-0.169972609640739	-0.517689146051615
1720	0.171918797846541	-0.288756708068348	0.145451619268289	-0.460675505914889	-0.0264671785782522	0.434208327336637
1722	0.0772319272700918	0.158295029922405	0.199947447418197	0.0810631026523135	0.122715520148105	0.0416524174957916
1723	-0.0760187876785627	-0.288321457279309	-0.287176755642547	-0.212302669600746	-0.211157967963984	0.00114470163676195
1726	-0.12560837621248	0.0152526984379933	0.00224739996081706	0.140861074650473	0.127855776173297	-0.0130052984771763
1729	0.275594112347706	0.375488323781768	0.441076665409345	0.0998942114340622	0.165482553061639	0.065588341627577
1730	-0.278854175017889	-0.0867666869055558	0.0327105030180466	0.192087488112333	0.311564678035935	0.119477189923602
1735	0.0133199856146163	0.0762823547572202	0.102379303487244	0.0629623691426039	0.0890593178726276	0.0260969487300238
1736	0.0319495202998664	0.0626847636876126	0.100625307321062	0.0307352433877462	0.0686757870211953	0.0379405436334491
1740	0.567494014598289	0.153224340260373	0.387921460669411	-0.414269674337917	-0.179572553928878	0.234697120409038
1743	0.80739726190571	2.19686236975258	0.484848058010896	1.38946510784687	-0.322549203894814	-1.71201431174168
1746	0.426310704427446	0.508190211491548	0.368578397508582	0.0818795070641017	-0.0577323069188635	-0.139611813982965
1747	-0.303760933976796	-0.506203765968999	-0.569312467528093	-0.202442831992203	-0.265551533551297	-0.0631087015590942
1748	-0.427058542852606	0.390849302438386	-0.126901647708472	0.817907845290993	0.300156895144135	-0.517750950146858
1749	0.195876033434471	0.125809379279991	0.108278570296948	-0.0700666541544802	-0.0875974631375231	-0.0175308089830429
1750	-0.0925129001861232	-0.165859909399517	0.286144906860815	-0.0733470092133937	0.378657807046939	0.452004816260332
1753	-0.164282749997609	0.469158860091821	0.679821687062597	0.63344161008943	0.844104437060206	0.210662826970776
1754	0.175546456081177	-0.0238592349106354	0.27534237948233	-0.199405690991812	0.0997959234011536	0.299201614392966
1755	0.191789968952915	0.0370127843304765	0.220882489355994	-0.154777184622439	0.0290925204030782	0.183869705025517
1757	0.50931554767877	0.246585486335676	0.0848924702910993	-0.262730061343094	-0.424423077387671	-0.161693016044576
1767	-0.1154848553803	-0.0922167499712036	0.113964372404139	0.0232681054090961	0.229449227784439	0.206181122375343
1770	0.124975790791519	0.0939517909369788	0.145984034179714	-0.0310239998545402	0.0210082433881953	0.0520322432427355
1771	0.269897706840447	0.153191613398243	0.183054755618944	-0.116706093442204	-0.0868429512215028	0.029863142220701
1773	0.0438542895894277	0.0230836131130412	-0.277795158258751	-0.0207706764763864	-0.321649447848179	-0.300878771371792
1774	0.223774728825256	0.240203102928004	0.32773221087949	0.0164283741027482	0.103957482054234	0.0875291079514858
1778	-0.385866882430114	0.0574264040383998	-0.367640810996582	0.443293286468514	0.0182260714335322	-0.425067215034981
1779	-0.315986750859681	0.12765644813499	0.275057723023713	0.44364319899467	0.591044473883393	0.147401274888723
1782	-0.00437235183193357	0.0652314964675582	-0.0340637010894104	0.0696038482994917	-0.0296913492574769	-0.0992951975569686
1783	-0.0496622972903733	0.068597430301378	0.0553252833085229	0.118259727591751	0.104987580598896	-0.0132721469928551
1784	-0.111763109528923	0.0313937462305372	0.0627266316257626	0.14315685575946	0.174489741154685	0.0313328853952254
1785	-0.0706336039600228	0.0619873244130616	-0.0467288946837145	0.132620928373084	0.0239047092763083	-0.108716219096776
1787	0.18750203748376	0.326511661857403	0.436915300173855	0.139009624373643	0.249413262690095	0.110403638316451
1788	-0.13047288847229	0.538589103402004	0.288261939730766	0.669061991874294	0.418734828203056	-0.250327163671238
1792	-0.627165395860105	-0.0861025673022375	0.0533422142906342	0.541062828557868	0.68050761015074	0.139444781592872
1793	-0.478725558322442	-1.21083912741829	-0.240367922269725	-0.732113569095851	0.238357636052717	0.970471205148568
1794	0.0885872626424392	-0.122281767448424	0.19487432645325	-0.210869030090864	0.106287063810811	0.317156093901675
1795	0.757259122302521	0.364756809687241	0.810260691484717	-0.39250231261528	0.0530015691821956	0.445503881797476
1798	-0.00487382822349585	-0.0548387242258487	-0.264653343410168	-0.0499648960023529	-0.259779515186672	-0.209814619184319
1800	0.227642651302751	0.258538950641189	0.136625972618531	0.0308962993384381	-0.0910166786842195	-0.121912978022658
1805	-0.238056519211586	0.0377581641554932	-0.309353714839721	0.27581468336708	-0.0712971956281345	-0.347111878995214
1806	-0.382873704967191	-0.630293648262713	-0.521781488754597	-0.247419943295522	-0.138907783787406	0.108512159508116
1808	0.131624211304331	0.286848295812742	0.470863400478052	0.155224084508411	0.339239189173722	0.184015104665311
1817	-0.141534821079932	0.250296121067802	-0.347897871398079	0.391830942147734	-0.206363050318148	-0.598193992465881
1819	-0.397374342053259	-0.840019858282025	-1.22570435882081	-0.442645516228765	-0.828330016767555	-0.385684500538789
1820	0.23404035886014	0.300532580390519	0.200472593239303	0.0664922215303797	-0.0335677656208368	-0.100059987151217
1823	0.776016638267468	1.03990114334248	0.554715584004715	0.263884505075008	-0.221301054262753	-0.485185559337761
1825	-0.202735559210373	0.185788228571844	-0.283289677504486	0.388523787782217	-0.0805541182941129	-0.46907790607633
1826	-0.514484804117067	-0.183538831673392	-0.395964283537303	0.330945972443675	0.118520520579763	-0.212425451863911
1830	-0.149719573401044	-0.115083274693446	-0.193416105209701	0.0346362987075979	-0.0436965318086571	-0.0783328305162549
1834	0.315060094075186	0.0497756386124785	0.371341695191968	-0.265284455462707	0.0562816011167822	0.32156605657949
1838	0.0896542991561954	-0.137243564945392	0.0899878325332678	-0.226897864101587	0.000333533377072384	0.22723139747866
1841	0.0914372505949277	0.129435249169288	0.079588404009717	0.0379979985743598	-0.0118488465852107	-0.0498468451595705
1844	-0.285687984964606	0.144611926296791	-0.520879697037982	0.430299911261397	-0.235191712073376	-0.665491623334772
1846	0.2885321664265	0.123207989486657	0.331215164285207	-0.165324176939842	0.0426829978587076	0.20800717479855
1847	0.457222729388599	0.0128521661681537	0.310513449940963	-0.444370563220445	-0.146709279447636	0.29766128377281
