id	1h_vs_ud|IB	1d_vs_ud|IB	30m_vs_ud|IB	6h_vs_ud|IB	1h_vs_ud|IB2	1d_vs_ud|IB2	30m_vs_ud|IB2	6h_vs_ud|IB2	1h_vs_ud|KR	1d_vs_ud|KR	30m_vs_ud|KR	6h_vs_ud|KR	logFC	AveExpr	t	P.Value	adj.P.Val	B
7749	1.75007020259608	-0.397354554056645	1.84974691963378	-0.41727977009281	1.82328914333262	-0.101874895155543	1.65970836083367	-0.711057126983396	1.56222222068306	-0.0845490685073683	1.39401653177728	-0.283038339442442	-2.1823189343768	0.67032496871819	-11.3461357557407	1.05576514609982e-07	0.000135943820514135	8.09854090876692
1648_2	2.60352389356145	0.0458585369193751	1.78293958314737	-0.376320571007064	2.43659832954173	-0.448833765108541	2.17826298915248	0.0786966382121889	2.18820560614155	-0.0919899604697369	2.24848113560682	-0.245469642628285	-2.59047380155596	1.03332939775578	-11.1331770149857	1.2971738598677e-07	0.000135943820514135	7.9163559307318
6636	0.819317157223945	-0.462374971599002	0.228533000515062	-0.95705765909196	0.48419075686673	-0.441839306621485	0.206055416929218	-0.744605445714993	0.58252141889343	-0.679009042835233	0.207054389275346	-0.553278277618701	-1.38032357180325	-0.109207713648137	-10.231813297085	3.22154619799516e-07	0.000225078694366595	7.0991129313211
1643_2	1.36392649876145	0.0813225369193751	0.921290583147369	-0.360447731807064	1.45892459144173	-0.121517465108541	1.03742598855248	-0.122123327387811	1.55654371904155	-0.266228099469737	0.728306421906821	-0.035402218728285	-1.63245602905596	0.520168458105778	-9.83444836473006	4.91283650120033e-07	0.000257432632662897	6.71357076153435
304	1.31421276011711	0.129785790352182	1.22593434146725	-0.470311050524423	0.987229209960773	0.192915436736824	0.949736949993051	-0.149278312192134	1.16163390511836	0.115519870328158	1.1103588595218	-0.270534892617038	-1.45106671017661	0.524766905688494	-9.07718601497676	1.14164520807454e-06	0.000478577671224848	5.93218771655837
6401	0.951275027020778	0.116913165782465	1.05068896348907	-0.648278685439389	0.88725401841225	0.0717347425658564	0.605675511245484	-0.252154355257394	0.937645624424986	-0.104486845628761	1.06103321318006	-0.532443811843461	-1.40301717413275	0.345404713995995	-8.39283740163059	2.5661268941421e-06	0.000896433661686972	5.16923053673145
7771	2.4238877472625	1.36361912571593	1.97703155179784	0.0952979865895265	2.74258289708495	0.971730096161551	1.96908432177711	0.291306314399737	2.26779945540052	0.629541188727602	2.25364109239624	0.699744072430992	-2.11597390877591	1.47377215414537	-7.65408418513596	6.5082376390464e-06	0.00194875229877732	4.27958234736002
7923	1.54420622890323	0.421414017498164	0.942302807165082	-0.400371244882798	1.19646958889693	0.50513579304434	0.474716111064903	0.0788052993763246	1.29407916777565	0.77876019782694	0.811712815014944	-0.0906021842512021	-1.48230770511117	0.629719049786043	-7.40188082835666	9.07209559266295e-06	0.00236866452829404	3.95915514785968
1644_2	1.32638795136145	0.123030336919375	1.38742158314737	-0.569578436107064	1.38469137624173	-0.207306965108541	1.19351647665248	0.0105833298121889	1.07062489084155	-0.146612243469737	1.33614498400682	0.016599178771715	-1.44136671532263	0.577125205255778	-7.31639737396431	1.0170792344774e-05	0.00236866452829404	3.84854452800822
267	-0.347718280745217	-0.234913396798731	-0.659121755434945	0.28027307089906	-0.885998231316592	-6.06336722233092e-05	-0.996833042353552	0.709834684651753	-0.776700212486251	-0.149964679142188	-0.69357553905525	0.682866528215712	1.22779700277153	-0.255992623936535	7.11054580359874	1.3443573205392e-05	0.00238114579065507	3.57795079736788
5308	-0.723018003713281	-0.255300933877409	-0.469983111917141	0.00477143994170204	-0.859919229399633	-0.312246586258802	-0.637442350723413	0.370769098930102	-0.88704889590975	-0.358922097130368	-0.348169423344592	0.0307937871290761	0.958773485007848	-0.370476358856126	7.09839452925006	1.36690535894421e-05	0.00238114579065507	3.5617891019973
127	2.70110134797267	1.48794484765255	2.85524283999731	0.249947584704418	3.33806177028488	0.681198594213995	2.577138598189	0.72609554743435	2.82233872159277	0.590868242293965	3.4776959939909	0.451660035408386	-2.47793289076772	1.82994117697793	-7.04463206455385	1.47162210400971e-05	0.00238114579065507	3.49002831917998
1645_2	1.53007129006145	0.0403683369193751	0.732812383147369	-0.481014996407064	1.43145924174173	-0.525601365108541	1.05596048355248	0.254567534312189	1.32808613004155	-0.174287099469737	0.826464922706821	-0.00330501792828503	-1.50645638062263	0.501298486964111	-7.02541302324542	1.51110578868757e-05	0.00238114579065507	3.46427425406901
7178	0.190500119433207	-0.0298991834031513	0.0246398852838106	-0.5084745406389	0.119452932655475	-0.00153514437234297	0.296733285813002	-0.790324905441648	0.344365417734803	-0.120911200854622	0.0106617106378555	-0.651240998209486	-0.86811963803784	-0.0930027184468331	-6.98835677204931	1.59045997467419e-05	0.00238114579065507	3.41446723607414
4406_2	1.38662476579538	0.717528752617843	1.48766633825904	-8.07918565779511e-05	1.67142384029687	0.295137476041655	1.48500463219235	0.358511379996611	1.52335586704405	0.504570555949446	1.7051145424617	0.124726595798878	-1.36608242973246	0.938298662883103	-6.91258787982728	1.76688720126022e-05	0.00246893038256094	3.31200734937674
3749	1.851830146776	0.0516202655319046	0.849625845865166	0.547706694841804	1.55134107725958	0.432801750813601	1.33187193552948	0.227578763986127	1.76017827082938	0.305421736494648	1.06733865478359	-0.00483323683055994	-1.46429909095586	0.831040158823392	-6.83727339368468	1.96308086907224e-05	0.00257163593848463	3.20933322717368
3147	1.91667606953918	0.234111796805875	1.11224604137708	-0.704649624196993	1.53682079485255	0.0238094749661485	1.17520516837762	0.106208188078798	2.06425614739706	-0.815337084345021	1.03519213789663	0.172405683253627	-1.98126292155112	0.654745399500213	-6.58669554800645	2.80151273176086e-05	0.00345410040339456	2.86172092431873
2377_2	1.56463324755202	0.571791483854336	1.72191317314757	-0.075672089235631	1.84424304382077	0.359543809616271	0.850511266067644	0.353496377147028	1.71655153598305	0.282855991684704	1.60934114696277	-0.0151352946320188	-1.62091294469215	0.898672807664043	-6.53926032863646	2.9994109409776e-05	0.00349264740682725	2.79486814708481
6734	3.29983990037005	1.26203501668217	2.49222847943962	-0.656528754236969	2.53884506473247	0.328839309231142	4.01285793902195	0.18548822847086	2.68062732287805	0.852158636261438	2.79782432511767	0.420204932673003	-2.85671596035789	1.68453503338679	-6.38506795851265	3.75229391888137e-05	0.00413937265998703	2.57523014393773
3123	2.04193286542303	-0.128412946850924	2.12789030478989	-1.18606942189518	1.55692611019816	0.193097976875223	1.88539272691907	-0.898137612511064	1.05005250003593	0.0450587674093491	1.65695236043678	0.227715148527362	-2.16846778717867	0.714366564946469	-6.23172072093355	4.70335299522634e-05	0.00492911393899721	2.35324493749011
5714	0.713969979162617	-0.141425929764148	0.606314893604745	-0.55399925655035	0.532035345511945	-0.171105089580681	0.467641703987488	-0.134030031446609	0.544495195826544	-0.174540790083039	0.456778415348392	-0.124607978907597	-0.867712595801887	0.168460538092442	-6.14718381166252	5.33445026987369e-05	0.00509601001834517	2.22934696519441
1875_4	-0.947343690501594	-0.825990146775339	-0.233535044532224	-0.0907867773160956	-0.906620975552354	-1.01797051477241	-0.019490401978233	0.257005246019097	-0.78955972040294	-0.706592375838553	-0.189298585134412	-0.0986208958361472	0.903707319774581	-0.464066990218434	6.14537910604767	5.34886547727069e-05	0.00509601001834517	2.22669014568137
5226	0.584100162759195	-0.202374413427683	0.473286998351206	-0.493141590840845	0.493800527787634	-0.475118149943164	0.516882854165051	-0.0809082898139239	0.714245817054465	-0.616562931926733	0.671203601834957	-0.393814577010817	-0.92000365508896	0.0993000007491119	-6.06707849527627	6.01587741324037e-05	0.0054822952426747	2.11094211753797
6645	2.92560794172394	0.770085928400998	2.57562810051506	-0.50748092849196	2.26192636676673	0.223136893378515	2.78745027102922	0.753491940285007	2.24307745699343	0.295618402164767	2.58790912477535	0.764558928581299	-2.14001394170325	1.4734175355102	-5.93802259081049	7.31514942494482e-05	0.00638856383111848	1.91812790346896
244_2	1.65054288838501	1.11291907587113	1.15540279568116	0.212705858815132	1.58790976201968	0.805522781499491	1.42743482066411	0.566052385150486	1.54140135851773	1.33264104160015	1.36068293203751	0.26837042315901	-1.24424178059926	1.08513217695005	-5.90064271189274	7.74477010429701e-05	0.00649321525544261	1.86180692973353
3905_2	-1.1690162382194	0.127692542061261	-0.4801505801854	-0.00147982792904778	-0.684965369370194	-0.449771211366978	-0.412195795804204	0.523841987831961	-1.00676679314058	0.364493867054529	-0.467819570865908	0.233589517365058	1.20556669266605	-0.285212289380742	5.77888348711324	9.33965074178098e-05	0.00752919536722036	1.67687311636659
2377_1	1.47339310689051	0.688001078604984	1.76035967338086	-0.237286535114971	1.63625389648251	0.226124679601503	1.0731683466374	0.541463086078076	1.68573487013553	0.238362555032565	1.67895916000425	-0.00354226508399511	-1.49824919587648	0.896749304387436	-5.73023015103267	0.000100711265773643	0.00781817826153913	1.6023444669403
3643	0.641401133166026	-0.111533376499693	0.262003885696287	0.110627187619529	0.983842420514377	-0.00221680154392091	0.574807236224555	-0.216856655766828	0.830112548687321	-0.0764786024426493	0.526627722518292	-0.0322526320970514	-0.864612734204024	0.290840338839687	-5.70511923602423	0.000104721559382905	0.00783915673094885	1.56373784694549
2374_1	1.04383228539051	0.572644678604984	2.35518967338086	0.341406866485029	1.43167555118251	0.571456679601503	1.9088099599374	0.130231061078076	1.53667838583553	0.501413457032565	2.08537041750425	0.0514310423160049	-1.16303908417648	1.04417833819577	-5.49145654286707	0.00014651679854211	0.0105896279222159	1.23137217410894
540	1.08195297826787	-0.343223471850771	1.18670273413897	0.0462586821664493	0.673527887028168	0.0252586160799788	1.06217658650944	0.039874078752894	0.910151547688195	-0.2003742101177	0.934634648932922	-0.0900382798408159	-0.889845977301902	0.4439084831463	-5.43598108344406	0.000160034416416223	0.0111784443146537	1.14394850613609
4261	0.797386795076865	-0.327022467585724	1.70715426867772	-0.803860879888065	0.795932857949167	-0.0351591090006268	0.746646571080592	-0.371857979619212	0.761535602386322	-0.103255778574873	0.787854604725585	-0.340607684654405	-1.29039393319135	0.301228900047779	-5.41558488185853	0.000165330044730089	0.0111784443146537	1.11168989015268
533	0.987310750767869	-0.776932071850771	1.18817773413897	0.369382223266449	1.00310192322817	-0.263979683920021	1.16771468140944	-0.294302922147106	1.19599597728819	-0.4453200451177	0.842524546932922	-0.405632687640816	-1.17232067926857	0.380670035529634	-5.3617046081182	0.000180228502826663	0.0118049669351464	1.02617312055404
2374_2	1.13507242605202	0.456435083854336	2.31674317314757	0.503021312364369	1.63966469852077	0.704875809616271	1.68615287936764	-0.0577356478529718	1.56749505168305	0.545906893684704	2.01575240446277	0.0398380127679812	-1.28570283299215	1.04610184147238	-5.23014449903912	0.000222876810970099	0.0141365054013571	0.815549188864984
133	1.86532547867267	1.03798844765255	1.78218883999731	0.151323699504418	2.08918385798488	0.573519094213995	2.105167212389	0.54114218783435	1.76708872979277	0.676517014293964	1.6402847568909	0.938842489608386	-1.36342989650106	1.26404765073627	-5.21262285916509	0.000229313541815906	0.0141365054013571	0.787304340088342
1874_4	-1.01275988090159	-0.917975946775339	-0.305233144532224	-0.162194279216096	-1.06742227665235	-1.09442011477241	-0.133436363578233	0.162581854119097	-0.77466484270294	-0.554697154838553	-0.231706771434412	-0.166002138336147	0.896410812274581	-0.521494254968434	5.18235059412994	0.000240899881939646	0.0143350332068591	0.738399210476723
7090_2	1.98968179115051	0.527860276683294	1.61738021288207	0.131838794474958	2.31733000874949	0.272570855762716	1.78836892467074	0.122952706648002	1.43710997423638	0.482858075294663	1.75159266412748	0.992990809096808	-1.49877982130554	1.11937792448143	-5.16103853981762	0.00024942545853904	0.0143350332068591	0.703888847318887
5507	0.610600122226557	0.116430347658722	0.550973166136977	0.202331576078483	1.58520368326368	0.0357390473808595	0.997599870560673	-0.36661814038205	1.24235867392362	0.0136633261886171	0.916630890741185	-0.189627765612448	-1.26402560310996	0.476273733180406	-5.15220528425052	0.000253051635808104	0.0143350332068591	0.689565802212076
2727	1.24616074100829	-0.0417242666563494	0.889855256993851	0.144764305402946	0.895289000307038	0.140355152004828	0.933661616026878	0.37395311826993	0.995552936258524	0.254026042048706	0.752186541148201	0.0103934955721495	-0.869297252776275	0.549539494865416	-5.1303490678172	0.00026226445270045	0.0144659550752669	0.654077246695778
266	-0.077214060745217	-0.866473896798731	-0.568219755434945	0.75518183439906	-0.703003942216592	-0.238908433672223	-0.903827883153552	0.762826919751753	-0.559663890086251	-0.0264146531421882	-0.90350317235525	0.515840176015712	1.12457694107153	-0.234448396453202	5.09869591447185	0.000276237418277933	0.0148459904797577	0.602558022429291
1689	0.639506435592264	0.358377154103494	0.181330159604508	-0.086330625832664	0.673860017843937	0.235821017482355	0.296876011285847	-0.0272740083956856	1.40859122436344	0.381750713160007	-0.141030082443901	-0.495736187275127	-1.11043283310104	0.285478485790707	-5.06103027982578	0.00029389131187496	0.0153999047422479	0.541063861162359
1583	0.213504005136862	0.0727644168143921	-0.05989326404998	-0.149801715850226	0.417003898790699	0.0608739054367844	-0.124099064876456	-0.242210503280606	0.558599916861629	-0.160588661216086	-0.195070801266277	-0.271289027412014	-0.617469689110678	0.00998275875739347	-4.98102344140942	0.000335443461907388	0.0171251516503078	0.409766272137566
1749	2.38695494080166	0.756402185745449	2.47209697639996	0.914389200580459	2.53479818963225	0.76521481515742	2.26216034403473	0.889891085769605	2.31506748254594	0.159228566319564	3.09599967704097	1.12008095906021	-1.43748645585653	1.63935703525735	-4.95229705435935	0.000351831280112831	0.0171251516503078	0.362401683345604
4759_2	-0.317678881513942	0.420288783109469	-0.1501726970521	0.876029568828175	0.128929645684007	0.119344752053103	0.268799847973085	0.526591978675158	-0.115522073226257	0.250596143720773	0.0759908429404645	0.841356553636313	0.84941647006528	0.243712872069021	4.9318109204538	0.000364030352756873	0.0171251516503078	0.328552601888871
939	1.70286724802916	-0.036426865374152	1.27105594716412	0.730250815523658	1.31276789993832	0.407234197007247	1.11462273232933	0.579444437017568	1.61843461224169	0.29465053054391	1.27038739726823	0.172909702657663	-1.05048826833676	0.869849887862229	-4.91821476541091	0.000372371089884421	0.0171251516503078	0.306055203958593
2836_2	0.557642227152529	-0.996447125528979	0.856882115522291	0.100117128800804	1.37356819979712	-0.285313449342409	0.83719757650829	-1.23816154563253	1.03763836547582	-0.876640496564088	0.743099355271204	-0.491431100413278	-1.53277476989016	0.134845937587231	-4.91541632435792	0.000374112583642923	0.0171251516503078	0.301421439372286
7697	2.08086676553203	0.0774118843399499	1.32776623626362	0.346180697010835	1.15599174527569	0.26375037778387	1.50747393964658	0.605502727111979	1.54795218081933	0.470039086600883	1.31734928978999	0.23515579036463	-1.1993238257132	0.911286726711616	-4.91265676657041	0.000375838251867441	0.0171251516503078	0.296850985132259
7519_1	0.954576827188712	-0.436348577448021	0.894906321300355	0.0250301097801355	0.711534252842884	-0.193232197348193	0.655360831235305	0.186077533614288	0.67503336384041	-0.335929350542742	0.722291727622877	0.0347871060967277	-0.698416564793618	0.324507329015228	-4.87316329406177	0.000401471435212571	0.0175320078020349	0.231324351227763
5717	0.506507012462617	0.260278870235852	0.842666593604745	-0.29625860105035	0.650633406811944	0.154704640419319	0.586780116387488	-0.103639958746609	0.543603463726544	-0.0322196580830394	0.910261322048392	-0.0570855315075974	-0.719242658101887	0.330519306359109	-4.85840807029902	0.000411513244647566	0.0175320078020349	0.206787196392782
833	1.64806979376946	0.597518198025803	1.82202195878354	-0.39777022447691	1.7243005545664	0.226764062605694	2.03635182375687	0.126485001467912	1.21966259807835	0.565592738997571	1.77164597389463	0.743195960159822	-1.37337406975446	1.00698653663576	-4.85354681038084	0.00041487902934279	0.0175320078020349	0.198696580251119
5776	0.362709871872132	-0.161032045503642	-0.0169186416457952	-0.49508445869582	0.353026240733962	-0.189695504925461	0.529671778363213	-0.599128926355403	0.35506348550038	-0.107375256463873	-0.283783934508896	-0.349918141624667	-0.838310374927455	-0.0502054611044892	-4.84621220865563	0.0004200120184107	0.0175320078020349	0.186483393769731
6647	0.822327210523945	0.205454528400998	1.05315910051506	-0.41399275849196	1.06700426036673	-0.189899796621485	0.964864846129219	0.00684019938500663	1.02650421039343	-0.418595379835233	0.869243049775346	0.286125526181299	-1.01228757140325	0.439919583060196	-4.8369492067607	0.000426589884496078	0.0175320078020349	0.171048540305283
4737_2	NA	NA	-0.185254604923572	-0.76652860849833	0.806228316748207	0.292798305358859	0.124181298665049	-0.639035237459884	NA	NA	NA	NA	-1.50901023972731	-0.0612684216849452	-6.54247551982978	0.000696791949802831	0.0239463785353662	0.14491681444114
558	NA	NA	0.184402626021877	-0.309485213189468	1.19227137938668	-0.447696134834777	0.32975283738096	-0.25191379645815	NA	NA	NA	NA	-1.47297088421048	0.116221949717853	-6.54225737037461	0.000696912734092241	0.0239463785353662	0.144768908246628
3129	NA	NA	0.35462060478989	-0.751511337695184	1.93533773539816	0.466119176875223	1.48990127841907	-0.570832485511064	NA	NA	0.104147555436784	-1.17067226557264	-2.76634309832446	0.23213878276753	-5.47486314250652	0.000643433913583061	0.023252370394312	0.11530764652159
5713	0.677092458162617	-0.202066329764148	0.637301593604745	0.0977335317496502	0.677216902011945	-0.0466937895806812	0.616155207387488	0.136598201953391	0.730981109126544	0.0792550649169606	0.467935578748392	-0.155476812207597	-0.668811849268554	0.309669393009109	-4.78841032495305	0.000462868815193307	0.0186571737816379	0.089976275292404
4104	0.950184545000277	0.119925372765182	0.638671015803863	0.119422684860052	0.693716213171568	0.321427103334666	0.473996057307329	-0.101961507627744	0.534572240944803	0.254204442468622	0.793027438767273	-0.1002347413486	-0.75374885441098	0.391412572120608	-4.71017425347623	0.000528304327742378	0.0208929409612835	-0.0413699727158319
7909	-0.855778143413379	-0.0322264847190546	-1.71278574894879	-0.0270107524645296	-1.31131744943132	-0.0888221493050733	-1.71153449346631	0.255937301871373	-0.875430788058191	-0.247907510027596	-1.71679437292329	-0.321126849210423	0.983442027033104	-0.720399786674715	4.68567654056664	0.000550730571411892	0.0213643731184854	-0.0826660114319173
4185	0.614029952047877	-0.0489561597357384	1.1446263165585	0.103547563139294	0.743306165666101	-0.0735365016468278	1.06052288456656	-0.0141436643406357	0.617179046516817	0.122136589034147	1.306798664844	-0.338087157871863	-0.741066141101333	0.436451974898186	-4.67521291846538	0.000560610935838118	0.0213643731184854	-0.100328814867242
857	-0.0364465114440733	-0.90551762901562	-0.245222504347155	-0.72469067047214	-0.0398746363923803	-0.477457392583861	-0.679043070584335	-0.840392740823605	0.339677275296585	-0.890244622371645	-0.435394080369777	-0.620652166691308	-0.816363901815728	-0.462938229149943	-4.65990826913853	0.000575397708777382	0.0215363142428106	-0.126189290422328
3326	NA	NA	1.26127324841187	-0.849173642848742	NA	NA	NA	NA	0.875240493637184	-0.737359176419061	1.58212236421826	-0.695543219157168	-1.64759892464014	0.239426677973724	-6.12839846227542	0.000976511702556247	0.0277808625031146	-0.146948776363731
3943	0.686424815932028	-0.0958857656600501	1.07415643626362	0.0470835785108348	0.799299041475695	0.0780358677838701	0.958876916146578	-0.155296725688021	0.933098995419331	0.346287010600883	0.624571777989991	0.0780952064646301	-0.816313597846537	0.447895596269949	-4.63196603709418	0.00060345617385817	0.0221902480773109	-0.173482629581745
5400	NA	NA	-0.739853526852433	-0.307089112535631	0.88768087952077	0.572381309616271	-0.860963304532356	-0.527951255152972	NA	NA	NA	NA	-1.30520106336507	-0.162632501656059	-6.0917235964649	0.00100699376782388	0.0277808625031146	-0.173903814470632
5074	0.666665878923042	-0.0754026780760636	NA	NA	0.514167985085593	0.0112558170717105	NA	NA	NA	NA	0.402213094540503	-0.768514140044247	-1.35893107204856	0.12506432625009	-5.95460753390819	0.00113106291170454	0.029459801899005	-0.276333101819409
1646_2	0.841882376261453	0.0205065369193751	1.15928158314737	-0.309142167807064	1.00481774734173	-0.177428465108541	0.956256244352476	-0.0364587432878111	0.445798762841547	0.0608415995302631	1.10812801390682	0.134622668071715	-0.834492376489297	0.434092179680778	-4.55270558639157	0.000691102483098882	0.0239463785353662	-0.308181652454123
7311_3	0.950295470311134	-0.0800522513194844	1.76974124599197	0.121286270804258	1.0263535409568	0.0159515531277051	1.51637366065315	-0.504144487839027	1.2198818461637	-0.613397157116693	2.35117072666892	0.0235915772429643	-1.18526583240781	0.649754332970449	-4.53398673811653	0.000713680829983975	0.0241270164459098	-0.340109765977122
1803	1.28323250720295	-0.353338659206083	1.0376891664105	-0.343395804513604	2.23626317191647	-0.796847146837436	0.880211069100511	-0.696701887072492	0.838091694521103	-0.914448574232798	1.89671817203248	0.261084764891333	-1.71220010011176	0.444046539517745	-4.51965459864393	0.000731487786309825	0.0243364825413554	-0.364585250132917
7729	1.82398456090028	0.127250972765182	0.353310815803863	0.483498224160052	1.04882343567157	0.129046803334666	1.05324285500733	0.509109846872256	1.4563328625448	0.110275178468622	0.607019543667273	-0.2620041439486	-1.19951231067765	0.619990912937274	-4.47253836210888	0.000793366387171219	0.0259827491798574	-0.445226400547444
4490	1.33818430046686	0.197525329772082	1.65044602634667	-0.193968212594237	0.922508549985599	0.413650020290095	0.893873983445134	0.387815990826453	1.19382510919204	0.0737035478855754	1.11938278724489	0.118258385308486	-1.04747059870126	0.676267151514137	-4.45671197343382	0.000815356620775032	0.0262058251842955	-0.472374802819319
3911_2	-1.5258226113194	-0.0433920979387388	NA	NA	-1.21728404987019	-0.424721311366978	NA	NA	-1.52083736064058	-0.0722403949454707	-1.16208973976591	0.178465691765058	1.59978036570845	-0.723490234260276	4.94099379859179	0.00121890138690097	0.0298359818254498	-0.485526573292432
543	0.927737788367869	0.286863028149229	0.607670634138973	0.398614598466449	1.18780508202817	0.121183316079979	0.994056737709442	0.175512970652894	1.01004577488819	0.5690454338823	0.693469745732922	0.114748619559184	-0.812237485535235	0.590562810804634	-4.44109032391118	0.000837686205795705	0.0262058251842955	-0.499201714866227
4737_3	NA	NA	-0.208293149265057	-0.631872507472581	0.872201439763517	0.46542762903243	0.0225651773091107	-0.360745342159793	NA	NA	NA	NA	-1.3685103645797	0.0265472078679379	-5.65337429771408	0.00147060782394606	0.0328031023050002	-0.510795409342342
2835_2	1.93545572275253	0.544470574471021	1.41467131552229	1.0423987330008	1.79465228249712	1.14824205065759	1.73348135690829	0.176769433667472	1.87581116717582	0.656367681435912	1.5247284880712	0.836851800986722	-1.18329973492349	1.2236583839289	-4.41450698764774	0.000877161388475572	0.0270372098565412	-0.544920289172884
4688_1	NA	NA	NA	NA	1.80016929489238	1.01278567142794	0.878431107298833	-0.186933935705495	NA	NA	1.37678702727346	-0.277463994901241	-2.03236826019575	0.767295861714314	-5.53540542718348	0.00163445025256853	0.033918888409739	-0.606269495794079
6255	2.07227420247662	0.435350235066517	3.00571428544023	-0.157487277185894	3.09662828384988	0.37763515027241	1.61220581005755	-0.00495634343748352	1.6588623060291	0.438417094679643	2.59414303106602	1.0420798128647	-1.98270953337143	1.34757221593161	-4.37736286524192	0.000935592827819727	0.0277808625031146	-0.608941630622803
2125	0.636542117154233	1.22872097088344	-0.638509922199775	-1.04878744218461	0.791776193422867	1.00313698342601	-1.33986260716078	-0.887459788058703	0.738962733109091	0.171446550305348	0.0116164330094752	-0.316569817209773	-1.47336603037976	0.0292510337080681	-4.37716686693431	0.000935911683282554	0.0277808625031146	-0.609279880487492
1875_2	-0.931546547417039	-0.45464268470117	-0.253379087925567	-0.302790610916872	-0.954861103758515	-1.01086257798676	0.0123689782481968	0.340298297173352	-0.682960881528809	-0.745001760974989	-0.203993502614527	-0.0888460324059551	0.839343395518296	-0.439684792900721	4.36137464135519	0.000961978361461696	0.0277808625031146	-0.636548431619403
436	-0.838373350333644	0.308335768023237	0.0237702975198207	0.341671782590343	NA	NA	-0.107537149022557	0.656643869674214	NA	NA	NA	NA	1.33753117646592	0.0640852030752357	5.49090654754051	0.00170161373960429	0.0340051456037835	-0.642832083602439
3299_1	-0.496136808751928	0.014961617905751	-0.56466267858556	0.256932526812516	-0.631972811579498	0.260961176991077	-0.700366091741003	-0.00682638079874259	-0.355774412406713	-0.255536837933123	-0.536721879615319	0.16040223072454	0.631464136492151	-0.2378950290815	4.34882294408061	0.00098323472303328	0.0277808625031146	-0.658242079544795
995	0.829747522216329	0.351551642979638	0.880657894066727	0.020507952077267	2.00128304518567	0.284307859020946	0.358107402431314	-0.306394601785951	0.968213701284341	0.805676434742238	0.685890026206044	0.196732385923198	-1.29613284415727	0.589690105362313	-4.34260924021704	0.000993937986024488	0.0277808625031146	-0.668988186552201
129	1.43759477917267	1.01910934765255	0.328272139997305	0.298151534104418	1.05761110648488	0.612066594213995	0.966174828989004	0.53182094463435	1.67095521629277	0.569403655293965	0.980145804690901	-0.439334516291614	-1.25850771316772	0.7526642862696	-4.33289556435791	0.00101091357697355	0.0277808625031146	-0.685796048157678
8104	NA	NA	0.229865130463291	-0.195561677324884	1.12892484047181	0.0312705502900406	0.271198744300356	0.226146106466329	NA	NA	0.135702640919339	0.0419596369447864	-1.10474348510973	0.233688246566383	-4.77077493440435	0.00150700467247045	0.0328031023050002	-0.687209547753569
3941_1	0.387915870032028	0.17832808433995	0.00783793626362149	0.167448082310835	0.913832866575695	0.0845735677838701	0.100748669146578	-0.376012988488021	0.586105689219331	0.268079419600883	0.0871437066899907	-0.11536204183537	-0.737260457946537	0.190886571803283	-4.32744232502988	0.00102057557859724	0.0277808625031146	-0.695236652387401
4517_1	0.851629953702428	-0.442532435615714	0.457687833731445	-0.488028190057308	0.794309547654859	-0.529913915293593	-0.0611941209717279	0.102059917993359	0.500814963952368	-0.111729139112479	0.21957609593185	-0.00624628971064806	-0.846323009028084	0.107202851850403	-4.31199982889545	0.00104846110913798	0.0281740318558104	-0.721988818362063
2368	NA	NA	-0.701407026619135	-0.468703558414971	0.679691732182511	0.438962179601503	-0.638306223962595	-0.339984546221924	NA	NA	NA	NA	-1.08403578450096	-0.171624573905769	-5.39164476472737	0.0018631374552962	0.0363089397981673	-0.725490515273818
1984	1.27113656478239	0.124341528901868	1.2624508084141	0.533297353589167	1.16314600271998	0.188699017906309	1.21357873514738	0.53684043339098	1.14900018554043	0.0993344401078934	1.30817523473663	0.531933374848466	-0.660403863738064	0.7818278066738	-4.30459624075609	0.00106211015543104	0.0281795301997907	-0.734824105285762
544	1.02144865476787	-0.529340471850771	1.48684773413897	0.716396796766449	1.23887783492817	-0.336228083920021	1.60531989110944	0.252714288552894	1.51048444648819	-0.2743453021177	1.22026923583292	0.0135695315591841	-0.929376773101901	0.6605012130213	-4.26366435758749	0.0011409782341455	0.029459801899005	-0.805895816650178
5320	-0.179823649013281	-0.882503733877409	-0.115238821917142	0.266175409241702	-1.07471967079963	-0.705918886258802	0.106546929476587	0.764670247230102	-0.82500201370975	-0.377394759130368	-0.183378064844592	0.0071540544290761	1.03918168147451	-0.266619413264459	4.25791687866662	0.00115253041780458	0.029459801899005	-0.815890132254371
4354	NA	NA	0.552842551797836	-0.423713476710473	1.49779586668495	0.443586396161551	-0.26579904742289	-0.991218614600263	NA	NA	NA	NA	-2.20526191234032	0.135582279318452	-5.24170547923108	0.00214154502073832	0.0390319857692828	-0.853276872045068
4684	0.439013138425488	-0.271175494954614	0.803041800314647	-0.233633656057846	0.70948647748859	-0.31213376134166	0.482556201866903	-0.0715632465056136	0.398106064159957	0.0209544041517972	0.688589540225381	-0.0657720965378703	-0.639191559725122	0.21562244760293	-4.23140089193777	0.00120742118438836	0.0298359818254498	-0.862045149303261
595_3	0.267081223339063	0.0624167213368358	0.0165871266512558	-1.07654508984551	0.0623786336447246	0.0811313148897946	-0.478756706616917	-0.654882977384725	0.0421246989084252	-0.196237784673049	-0.084511015316965	-0.323465409569326	-0.808826010897257	-0.190223272053033	-4.22836551209452	0.00121387566245348	0.0298359818254498	-0.867333491806954
5319	-0.179823649013281	-0.882503733877409	-0.115238821917142	0.266175409241702	-1.07471967079963	-0.705918886258802	0.106546929476587	0.764670247230102	-0.82500201370975	-0.377394759130368	-0.174910537744592	-0.0067858928709239	1.03453503237451	-0.267075448281126	4.22355128542364	0.00122418627718926	0.0298359818254498	-0.875723014129279
7090_1	NA	NA	1.73031268624421	0.311911243787435	2.3424147501529	0.3863106916802	2.03060735425955	0.233521116206731	NA	NA	NA	NA	-2.06969857015582	1.17251297372184	-5.17982225755818	0.00227009678239444	0.0401510133563781	-0.907061370333641
5777	0.374369609772133	-0.0342926855036416	0.120240958354205	-0.57613238569582	0.458592947033963	-0.328583604925461	0.235432411763213	-0.471830386055403	0.16288467680038	-0.576804022463873	0.678242333991104	-0.237514145524667	-0.760441383627455	-0.0162828577044892	-4.18955791090491	0.00129962632610309	0.0313105376955411	-0.935031211072884
3125	0.299207295923027	0.426573253149076	-0.0948498352101102	-0.264942706595184	0.179903912998161	0.453757376875223	0.258829079519068	-0.541372317711064	1.21804626303593	0.516519981409349	-0.088016249263216	-1.60045090057264	-1.367974465612	0.0636004294631352	-4.1798043732628	0.00132215098550334	0.0314912325638067	-0.952070443209472
3127	NA	NA	0.37870530478989	-0.729433813795184	1.69080457349816	1.63158427687522	1.45112877801907	-0.277135811111064	NA	NA	0.115190571436784	-1.14459767487264	-2.40786034009112	0.38953077560503	-4.55116628677403	0.00199389379490775	0.03765046301015	-0.95471410901143
5615	0.686180086494379	0.0779125036172749	0.831064048145293	0.0994327154104324	1.46117824231652	0.373232820990086	0.243084153152575	-0.969381758502252	0.821273352969105	-0.0916250935355562	1.08894292835966	-0.0846787665703162	-1.30775316381405	0.378051269403933	-4.17258059550627	0.00133909425862391	0.0315364220907384	-0.964696552671216
2242_1	1.37330279388888	-0.70831259914143	0.918364823713345	0.940594546038864	1.76356224445391	-0.0553057687448221	1.10092630875162	-0.113320266946217	1.44902505565052	-0.145726440157702	0.890212253428327	0.415682534128979	-1.11431109359056	0.652417123755356	-4.16524745814094	0.00135652451017531	0.0315919485925272	-0.977519271792134
1539	0.375417513687634	0.412512670018891	0.869171613899523	0.275005290209191	1.09494052312803	0.469481738690379	1.05818925537814	-0.164672137320519	1.09358710335561	0.345754801981535	0.907026336265099	-0.726351986043309	-1.05998799110864	0.500838560270851	-4.11930050557533	0.00147122709857347	0.0328031023050002	-1.05798549736202
5817	-0.337173445484187	-0.328179705085822	0.105674161472453	0.0160394093434472	-0.568270504113443	-0.143188821231995	-0.12682156392305	-0.0963873108419698	-0.91798943838098	-0.175025775352585	0.156380530451752	0.137009320655623	0.626698269045237	-0.18982776187423	4.11669476975031	0.00147802592615704	0.0328031023050002	-1.06255516946101
4020	-0.166054291254445	0.508392865991822	0.38445912062963	0.410625374977014	-0.319419948407686	0.595740990221037	0.0568152085101216	0.573473054254601	-0.0567594503802101	0.36737646529143	0.0360703081339284	0.299487994354588	0.608606704542848	0.224183974360153	4.11161713475297	0.00149136805768325	0.0328031023050002	-1.07146171481852
999	NA	NA	0.212661594066727	-0.357650760222733	0.625416537785668	-0.899695240979054	0.378904165031314	-0.475213225785951	NA	NA	NA	NA	-1.04184853079001	-0.0859294883506715	-4.99314784922128	0.00271458330241908	0.0451568777926221	-1.07307869249809
528	-0.83189132733213	0.372653728149229	-0.962222265861027	-0.447800947533551	-0.684780343271832	-0.164097193920021	-0.910168542690558	0.373970300052894	-1.02820842641181	0.3699961448823	-1.19119898116708	0.285532825559184	0.918860758364765	-0.4015179191287	4.10159032300689	0.00151808250171041	0.0328031023050002	-1.08905685900973
5632_1	1.56803492247736	-0.374207407510206	0.956875567975239	0.77878235250216	1.24322299821572	0.231777093303585	1.05061215135609	0.0625215467630623	1.16039936514926	-0.0594373682296176	1.17449980174951	0.32754010629895	-0.934271093426054	0.676718427504259	-4.09565202507816	0.00153413715506696	0.0328117497655138	-1.0994820321156
6382	NA	NA	-0.180309310821967	0.0960688132185011	1.30662450318002	-0.0139996957970826	0.120226064826865	-0.143765451476217	NA	NA	NA	NA	-1.33047282230888	0.19747415385502	-4.95581213301907	0.00281495610695648	0.0460949062514123	-1.10697265267615
1985_1	-0.384659327217614	-0.172060771098132	-0.0520043815858951	0.0519724728891667	-0.536855485380016	-0.189964682093691	0.33728456234738	0.27669308519098	-0.314656235659565	-0.0714982188921066	-0.307894401863375	0.404204742548466	0.656347116295269	-0.0799532200678668	4.08614012992719	0.00156022067072137	0.0330325507659798	-1.11618801669041
1874_2	-0.996962737817039	-0.54662848470117	-0.325077187925567	-0.374198112816872	-1.11566240485851	-1.08731217798676	-0.101576983351803	0.245874905273352	-0.668066003828809	-0.593106539974989	-0.246401688914527	-0.156227274905955	0.832046888018296	-0.497112057650721	4.07011104338066	0.00160521941012593	0.0336453988362395	-1.14435981557964
1657_2	-0.414200467538547	0.555417946919375	-0.304566216852631	0.188597948392936	-0.42792787185827	0.394332734891459	-0.481869816347523	0.389747849612189	-0.529488215758453	0.0360171815302631	0.112864110806821	0.139702550171715	0.69655496777737	-0.0284476888358889	4.04611525937927	0.00167510916842796	0.0340051456037835	-1.18657850577733
7021	1.26919033559958	0.345527142420279	0.909908720868867	-0.0244279791413433	1.20309233703773	0.925473715273925	-0.100460587207645	-0.468453636045726	0.869176625145108	0.0744668027242806	0.77930661576915	0.193792806701061	-1.21351603542281	0.498049408262106	-4.04047415281525	0.00169199180689348	0.0340051456037835	-1.19651132609773
741	NA	NA	NA	NA	0.815676077379625	0.118480932267665	0.356558104449381	-0.857630963796518	NA	NA	0.858155292583553	-0.513046165064389	-1.50101464181008	0.129698879636553	-4.83794692149453	0.00316066815029411	0.0488738141733078	-1.21550545351767
161_1	0.846190020578154	-0.717124974949143	0.822774684343902	0.096919717191251	0.760367021023039	-0.135055822157797	0.60598886089939	-0.106728810774557	0.730464593448347	0.0702544545479563	0.12499146134681	-0.548689005181717	-0.965173244604854	0.212529350026303	-4.01575849329913	0.00176806129582901	0.0349609101514869	-1.24006461340267
7278_2	NA	NA	1.6327063256832	-1.10971670309293	0.19037324482411	-0.00408542613513013	1.35793260775954	-0.771809842049668	NA	NA	1.37024479831349	-0.716373116216561	-1.0563397986105	0.243658986135756	-4.28072943902214	0.00284231552708066	0.0461821189516361	-1.29539695377587
7481	-0.60401516916762	0.184262198725607	-0.144090615222944	0.053952643680599	-0.716677107703046	0.025514873722802	-0.459431269756151	0.259291929691814	-0.345230194149011	-0.326748184768297	-0.0488556176434566	-0.000675988000874234	0.659497018797072	-0.176891875049215	3.98228352374631	0.00187676762407645	0.0363089397981673	-1.29914007461636
535	0.820387111667869	-0.153499391850771	0.876050734138973	0.503166494166449	0.949043783128168	0.180120916079979	1.01714802970944	0.129318616352894	1.10621429178819	-0.00241624911770016	0.633641867432922	0.0890164938591841	-0.718047860735235	0.5123493914463	-3.97887908892163	0.00188820345324439	0.0363089397981673	-1.30515357615503
5346_1	-0.635573889704483	1.03136286640408	NA	NA	-0.979214610743547	-1.04066456677572	NA	NA	-0.47333446072682	0.393932185079297	-0.671407432389233	2.08228611129272	2.77832709835101	-0.0365767246954624	4.21868183431667	0.00308789405914935	0.0488738141733078	-1.37529645133202
2071	0.523235361254233	0.0495865708834363	0.497052777800225	-0.405292804584614	0.438129370522867	-0.198946716573993	0.375706155339225	-0.148465793958703	0.429043984609091	-0.396721152694652	0.303629180609475	0.0926726546902275	-0.617164886746427	0.129969132324735	-3.93322452994026	0.00204870660777635	0.0383016007377227	-1.38589129924812
3196_1	-1.04927192119778	-0.205915168997107	-0.805918905934612	-0.268261805920745	-1.7418588528139	-0.0815949705523241	-0.46417134283127	0.166838455418498	-0.912796367667145	-0.633240654897574	-0.650586707616539	-0.55106318989905	1.01714686709251	-0.599820119409129	3.928559962191	0.00206587977397783	0.0383016007377227	-1.39415007263616
3587	0.225413036252304	-0.191872292158592	1.75715401067469	-0.251274148878076	0.888279642936791	-0.24546823541428	0.941365629461784	-0.148689071804041	1.02340124122845	-0.468963976992075	1.43688904656043	-0.283477048313262	-0.940178063137642	0.390229819462843	-3.92389640478448	0.00208319775004789	0.0383016007377227	-1.4024088210659
1649_2	2.54949604156145	0.174882936919375	1.36421058314737	-0.393070156107064	0.81051810164173	1.16934493489146	1.05745809385248	-0.197379995587811	1.72497902734155	-0.794624195469737	1.43105840120682	0.119108209271715	-1.85211170432263	0.751331831889111	-3.87641166133065	0.00226829418843705	0.0401510133563781	-1.48659816652151
4484	0.798189033566856	0.345605229772082	1.05159602634667	0.339842203105763	0.989474288985599	0.317167320290095	1.05884896484513	0.108829688126453	1.05856088749204	-0.0484546841144246	0.975709929444891	0.402722450708486	-0.664943289367931	0.61650761154747	-3.87365032916656	0.00227956612090123	0.0401510133563781	-1.49149930938351
4517_2	0.265418235218608	-0.567457697154772	NA	NA	0.403562507605545	-0.856266334704484	NA	NA	0.231098514361806	-0.998362547686895	0.252957209184152	-0.574282415063764	-0.87430883412575	-0.230416566029975	-4.12408719714487	0.00350758315836188	0.053274596376279	-1.49833509879772
2759_1	-0.705400671050815	-0.0260077954426156	-0.588603079414049	0.0897972856381852	-0.934243013204319	0.278475576704512	-0.263234012045403	-0.379686910972103	-0.737320978421718	-0.354294153718991	-0.414201563552321	0.000540201872736956	0.695871746405223	-0.336181592800575	3.85860649266684	0.00234199792131248	0.040630211051759	-1.51821096753799
6302	0.154316670000826	0.0969878356779671	-0.0164639129473921	0.126687258578232	0.711530228531583	0.0421504599602896	-0.027947193236801	-0.367760637232931	0.487588729196532	0.138649081251014	0.104655411812096	-0.383004227265246	-0.659171077882962	0.0889491420271807	-3.85353049409863	0.00236345853720783	0.040630211051759	-1.52722764383032
114	0.7227265611043	-1.00832283702701	-0.737051456516232	-0.785293650975496	0.468220153486544	-0.110841646466487	-1.64012675803505	-1.92736031027008	0.583198026410717	-1.99294343294506	-0.732549774052242	-0.741579389938009	-1.74279269739505	-0.658493709602008	-3.85318504101094	0.00236492640663864	0.040630211051759	-1.52784135328842
332	0.279060128945729	0.386204170250224	0.653843104740862	-0.91635348226063	0.414385103851645	-0.164841901015061	0.436317522833281	-0.383436908849803	0.547312702080339	-0.101030510412609	0.182105965186517	-0.0415055495435742	-0.86068462517724	0.10767169548391	-3.81815899353175	0.00251873812233916	0.0427436915669549	-1.59011102093062
7216	-0.200673339315887	-0.853139391947857	-0.0154782818820641	-0.553986763647789	-0.232523363681316	-0.611401342692386	-0.118018483583101	-0.980509887163903	0.012382828590746	-0.561218995108474	-0.407259464434618	-0.729300023723229	-0.614327600042821	-0.437593875715823	-3.81596040686783	0.00252872984460993	0.0427436915669549	-1.5940225863657
2512	0.59898369535725	0.245491424596562	0.202881517246717	-0.401282278210012	0.417318794465489	0.0146182857733411	0.115318877162695	-0.0763992642967881	0.257986445157793	0.193611605183179	0.478102357336699	-0.037286940202523	-0.596419139229952	0.167445376630867	-3.80023144138208	0.00260141190788044	0.0436204748713392	-1.62201612005261
7363_2	-0.564840759507729	-0.283902533311026	NA	NA	-0.584657844717225	-0.476473314623026	-0.986164375437698	0.440106535475112	NA	NA	NA	NA	1.01485583758759	-0.409322048686932	4.37748397002437	0.00506145653996137	0.0668922426563642	-1.66239118131091
4187_2	1.42814305460772	-0.041262629314908	0.839984490709222	0.64297662296326	1.08858139083888	0.434077072597205	0.779335273833018	0.443102534360265	1.28453199666945	0.521082599260288	0.294386747358354	0.289382108990155	-0.808598391934123	0.667026771906076	-3.71650706099332	0.00302609204614815	0.0487899148363579	-1.77129457452165
6059	0.438204636677781	0.155549645580984	0.672046185684014	-0.00382022201703757	1.7238722871112	-0.290431378432967	0.940437192674681	-0.168014604587499	1.01987110520857	0.264362798227934	0.653297662450419	0.213405595785393	-1.0467924199389	0.46823174203029	-3.70656363972412	0.00308105613595925	0.0488738141733078	-1.7890517156604
7914	-0.969412499013379	-0.0841149347190546	NA	NA	-0.783928497831322	-0.115416099305073	-0.748692247666311	0.076001446171373	-0.987385085358191	-0.511610465027596	NA	NA	0.989576806905671	-0.515569797843694	3.88853838773117	0.00484521696929526	0.0655198372105992	-1.81102016673703
5260	0.636164296803234	0.0978704174981641	0.736720407165082	0.209654205317202	0.598578408796932	0.38046139304434	0.575607381164903	-0.100917518423675	0.696833178775653	-0.14306484717306	0.559209449314944	0.0363236682487979	-0.595505176411165	0.356953370044376	-3.69279970346311	0.00315883418778361	0.0488738141733078	-1.81364080408976
4491	1.60844488086686	0.700682229772082	-0.162343893653334	-0.522981780194237	0.580540123885599	0.263354520290095	0.763791838745134	0.061352984226453	0.909038491692042	-0.136948455114425	0.750039522044892	-0.0817082449915141	-1.21378684580126	0.394438518130804	-3.69248940795545	0.00316061065709149	0.0488738141733078	-1.81419526388196
4357	1.0501540474625	-0.046306084284075	0.753153751797836	0.0738846986895265	0.955756304884953	-0.137584003838449	0.79014536127711	0.135636992699737	0.632843905000518	0.780194033727603	0.689118608796235	-0.105423420569008	-0.844885328842573	0.464297849637041	-3.69064318031443	0.00317120168300089	0.0488738141733078	-1.81749435392422
6437	NA	NA	-0.0492749273676549	-0.0591434697400601	-1.19094985791786	-0.347073642424626	-0.0361280450161502	-0.534204605732678	NA	NA	-0.0956170409454544	0.226654895883241	1.0687187980547	-0.260717086657656	3.85051757196105	0.00510846738078598	0.0668922426563642	-1.86231393424958
3515	NA	NA	-0.600809383197897	-0.138856399256041	-1.43828745089832	-0.630036126703968	-0.312070307477081	0.011610149961208	NA	NA	-0.230519189710065	-0.654368884650334	1.1777490729166	-0.499167198991562	3.84175010057565	0.00517132740478131	0.0668922426563642	-1.87417373849442
6805	0.570744842621737	-0.509946961359277	-0.046392820556359	0.0577543832104462	0.705256156298918	-0.430144078830118	0.120641992898059	-0.338219033456497	0.262277289655138	-0.635301897899167	0.701934708547657	-0.336927419206455	-0.718556786009433	0.0101397634936735	-3.62030085216892	0.00360304527625934	0.0543308122233062	-1.94332282958227
4702_1	1.56596179966155	-0.183128713749779	3.03998635932634	1.23267795127135	2.02808062667099	-0.0349590338428891	2.98570279516225	1.09312934615716	2.17637049125174	-0.0506438536348906	2.66219004828774	0.651472444053831	-0.93104439203398	1.43057002171795	-3.60090402931632	0.00373240722307906	0.0555686521180744	-1.97806145508127
847	0.0539470040777606	0.185198690317701	0.454726944467818	0.44581437641553	0.0266088969942561	0.162180307647954	0.0365836415611366	0.525525921745723	-0.368296520611014	0.51117248678003	0.238510371465513	0.549266225555749	0.602782381085333	0.235103195534846	3.60005773612093	0.0037381583724468	0.0555686521180744	-1.97957749368469
4071_2	NA	NA	-0.124446925384085	-0.100174362971667	0.593436352220686	-0.207388366440459	0.0450006371379768	0.00834108491089268	NA	NA	-0.13052172953149	-0.197251399098539	-0.689797911273791	-0.0141255886445855	-3.75953720152676	0.00580284806513274	0.0719690505592794	-1.9859526467123
4072_2	NA	NA	-0.124446925384085	-0.100174362971667	0.593436352220686	-0.207388366440459	0.0450006371379768	0.00834108491089268	NA	NA	-0.13052172953149	-0.197251399098539	-0.689797911273791	-0.0141255886445855	-3.75953720152676	0.00580284806513274	0.0719690505592794	-1.9859526467123
4486	0.0978900056668558	0.386796329772082	-0.435491173653334	-0.913721209294237	-0.0328375474144013	0.191642620290095	-0.0784351929548655	-0.665931062173547	0.221267185292042	-0.160812449114425	-0.693727664055108	-0.299882001391514	-0.721951305467932	-0.19860351325253	-3.59167847233695	0.00379559290077807	0.056025089577682	-1.99458963896494
4448	NA	NA	2.51638243967945	-0.194523082469807	2.25923979872678	0.134553822817655	1.0090236232559	-0.433286893708049	NA	NA	NA	NA	-2.57314478681571	0.881898284716987	-3.99631885601072	0.00764947839557139	0.0848323106725801	-2.06069806984356
2385_2	0.912013286852022	0.0153168838543356	NA	NA	1.05902735192077	0.048209709616271	0.725252779767644	-0.101767293852972	NA	NA	NA	NA	-1.08728761323937	0.443008786359678	-3.98005520160218	0.00778924507634649	0.0854241970780525	-2.07827363351211
7815	-0.792951296983625	-0.115127154067273	-0.751011207390763	0.291582361275629	-0.2621672710213	-0.738666356070487	-0.130315694625244	0.635055103256188	-0.327407620324668	-0.207636124994843	-0.101199609383532	0.134250994755538	0.814471549205649	-0.197132822964532	3.53122309254734	0.00423762929143933	0.0606963502184417	-2.10298214338261
6783	0.780757218322704	-0.348791650454743	0.156687679520361	-0.22426629226374	0.187035615913734	-0.0356908317814478	0.633137739618569	-0.584571031279344	0.900683837425886	-1.00401031058497	0.0596462451696755	-0.133968268395547	-0.937094087866985	0.0322208292675953	-3.53119125075801	0.00423787547152072	0.0606963502184417	-2.10303926831225
6634	1.17998451802394	0.456127128400998	1.67058410051506	0.78997306350804	1.44660127746673	0.416754393378515	1.57159816422922	0.565471040185007	1.37419529819343	0.318237406164767	1.56261320807535	0.735460034281299	-0.636625651903253	1.00729996936853	-3.5287423230778	0.00425685280635064	0.0606963502184417	-2.10743280336855
3086	-0.64434709937004	-0.221620905037641	-0.852143901674887	0.28735170486774	-0.32972752335545	-0.109126970157886	-0.698852112539996	0.0286858103516231	-0.954968934106213	0.634036050007619	-0.94847278464471	0.0814871974030174	0.775522756484694	-0.310641622354735	3.52139987880726	0.0043142728477751	0.0608527575840426	-2.12060679531691
101	0.435464256135214	-0.942567746144153	0.150812817304546	-0.852009838234938	0.0574014121835927	-0.139117268759551	-1.20097879962257	-1.32781253931606	-0.208423937383311	-0.587485801210222	-0.188349363576761	-0.958422201535673	-1.14089543667406	-0.480124084179991	-3.51288298135485	0.00438186881024559	0.0609552418742787	-2.13589015949021
2524_2	1.33069997140527	0.182676571233547	0.682753601286492	0.871778711679403	1.33660864031535	0.460106007385787	0.842788619834119	0.223305653725452	1.31892173473498	-0.0917190986316032	1.13055759756016	0.584188537365733	-0.76898581456167	0.739388878991224	-3.51170078294723	0.00439133660449241	0.0609552418742787	-2.13801176250638
5919	0.727709765567687	0.259498472032919	NA	NA	1.01102058953771	0.0870966085981644	NA	NA	0.980700191113576	0.207845157996215	0.709854752349186	0.00305937025349497	-0.903417478486162	0.498348113431119	-3.64454142460775	0.00682865587178105	0.078560849944719	-2.14398784278063
835	0.233034632269456	-0.511071501974197	0.166441058783536	-0.22734878107691	0.474727811466398	-0.616300437394306	0.45824246475687	-0.605109743932088	0.32037941257835	-0.745940536002429	0.178586734394628	0.0922112909598221	-0.589463030121127	-0.0651789662642392	-3.4894010380871	0.0045738897116775	0.0630715318136582	-2.17803911237679
942	-0.74412831217084	-0.121853115374152	-0.331965052835881	0.348809481823658	-0.35120750606168	-0.204146102992753	-0.622178208570666	0.369537923517568	-0.108479701258308	-0.43814812545609	-0.306771227131775	-0.0396901127423373	0.627490937363239	-0.212518338271105	3.4798300587956	0.00465459731294373	0.0637649409668631	-2.19522293907008
575	0.814160240576838	0.726082895921732	-0.31018098167619	-0.0131940393639312	1.05512280928284	0.287635743779581	0.459129856652033	0.559073288462782	1.21857074615796	0.926200382902976	0.269802201232183	-0.174928806754841	-0.905634451224542	0.48478952809783	-3.47009147035255	0.00473820899889326	0.0644888705303914	-2.21271009599444
7019	1.18228051786849	0.115919197150866	2.46193331537122	0.170009710348494	1.37154308380179	0.275276376534729	1.9835270619585	0.430870401782505	1.03259547966351	0.618285510009143	1.82405904593566	0.552327277287838	-0.81107056397165	1.00155224814273	-3.45233968890222	0.00489457770809435	0.0657630440779857	-2.24459197051643
7573_1	-0.702233975697777	0.142413331002893	0.431304494065388	0.643315174379255	0.155143487786102	0.241989629447676	0.39983543156873	0.0999015610184976	-0.512330353467146	0.0588953151024264	0.805055268783461	0.50571786110095	0.769451812625841	0.189083935424205	3.43908132961382	0.00501478658827834	0.0668922426563642	-2.2684081791134
249	-0.754976151241109	0.185412996669114	-0.503454127882618	0.0212579453143068	-0.335023304503507	-0.0165040736469187	-0.648049154181564	0.273342831559108	-0.422560172853669	0.485029674187	-1.00222523933543	0.00841455979427772	0.605191655088659	-0.225777851343417	3.4294707479262	0.0051037978119768	0.0668922426563642	-2.28567396575043
2865	0.241171019508944	1.27248330501348	0.16995885238245	-0.738495531536591	0.529859626082112	0.387531612200721	0.406502324579012	0.00273795723355402	0.728841530458575	0.222188451995993	0.589542087183223	-0.645013288392437	-0.960214346248368	0.26394232889242	-3.4199801462197	0.00519327610729968	0.0668922426563642	-2.30272581564882
3906_2	1.2755205221806	0.270933642061261	1.0286747198146	0.994147323270952	1.29347941312981	0.441058788633022	1.1675447462958	0.613469541331961	1.47662635065942	0.430560645054529	1.25831312423409	0.436871645665058	-0.667045925233952	0.890600038527592	-3.41572246346503	0.0052339350170056	0.0668922426563642	-2.31037611712152
5109_1	1.41269746163374	-0.629581691240903	2.53177942933038	-0.296480077477493	0.648994059183284	-0.365411704772863	2.58020575779006	0.178549466147562	0.854732091754491	-0.0829189914042658	1.82139733720124	0.20359971161289	-0.943584837429518	0.738130237479843	-3.40033583804846	0.00538358895028519	0.0679759183120347	-2.33802542293324
1607	NA	NA	NA	NA	-0.263578854094576	-0.513377556248805	0.295971690277319	0.741131473609601	-0.383777202422012	0.0417145526302811	NA	NA	1.06480950186789	-0.0136526493746985	3.71793699950118	0.0104871873104317	0.103197861984342	-2.36807762108043
7671	NA	NA	NA	NA	1.24673484046535	0.821895526408153	0.485168044868415	0.157147906398728	NA	NA	0.265946812363337	0.171766613720008	-1.08227758040599	0.524776624037332	-3.71366165744472	0.0105391094410325	0.103224174712169	-2.37290610838983
6217	0.803078849961876	-0.0238465772660387	0.714219889492792	0.3649741895772	0.673694780450566	0.319361164949536	1.03230215561594	0.12495412575177	1.16408375363252	-0.151309259922091	0.566182166575215	0.16810758077632	-0.660940495979891	0.4796502349663	-3.36454755931626	0.00574872662381051	0.0719690505592794	-2.40234687713745
997	NA	NA	NA	NA	1.28167376058567	-0.356939350979054	0.964994896731314	0.264012259414049	NA	NA	0.644436547806044	0.0663233774231984	-1.11650594216704	0.477416915163537	-3.66269299141222	0.0111807013640177	0.105088565286911	-2.43071794429664
5072	-0.0885778246941479	-1.00724973816726	-0.573297567545309	-0.60012532984663	-0.372541340256481	-0.633129251227456	0.175796199787986	-1.16015513628179	0.729914225804483	-1.06387933145565	-0.936075395126678	-1.31181928513913	-1.11363160404047	-0.570094981179005	-3.34081713467351	0.00600461748492415	0.0736144715414479	-2.44500258948271
1783	0.138428731757196	-0.0192682822784099	-0.106681304291433	-0.283505333904554	0.843576164728505	-0.405147038445424	-0.373673349287475	-0.343438782488795	0.202322778600576	-0.305384844770131	0.0533686026912173	-0.116555554440791	-0.642609115306806	-0.0596631843441265	-3.3407134270945	0.00600576079846736	0.0736144715414479	-2.44518901067012
1659_2	0.870243736761453	1.05004213691938	0.414866883147369	-0.503860338207064	1.04133228964173	0.514327834891459	0.603496614652477	0.333046025312189	1.24853477794155	2.15731703953026	0.270624066206821	-0.229780325628285	-1.1869018142893	0.647515895097444	-3.33431086262397	0.00607677463419963	0.0740518583330373	-2.45669809993427
5117	1.07020905833374	0.427720008759097	1.03040892933038	0.138605635022507	1.33603062888328	0.0893900752271372	0.965936274390063	0.209686324247562	0.871505926054491	-0.0323158604042658	1.31197384530124	0.73097945111289	-0.732824734296184	0.679177524688176	-3.32740948463413	0.00615427541226588	0.074562781873464	-2.46910393860958
6216	NA	NA	1.54608972974534	0.678670681035198	2.20794503145144	1.2569372174937	2.04581909879232	1.01988248121655	NA	NA	2.1078233305545	0.779916446911386	-1.38178849506373	1.45538550215005	-3.40368862102358	0.0096598534179504	0.0978118491015654	-2.48094474234555
365	NA	NA	0.106025739908632	-0.465116029094728	NA	NA	0.017082396968069	-0.614358551038991	0.205270272071565	-0.660834406678387	NA	NA	-0.745007562138425	-0.235321762977307	-3.60165074400895	0.01200706866509	0.110380771587845	-2.50055718472902
1127	1.26963416807226	0.461089255558957	1.43487828729144	-0.269466236510248	1.23091915347393	-0.0740037121198046	1.4734819009948	0.249948698480646	0.863654447243769	0.089229005765662	1.48457944065173	0.79410482822115	-0.86320682619947	0.750670769760358	-3.30929651588874	0.00636248158491039	0.0762043508684124	-2.50166366349704
3930	-0.538260564668127	0.160009244720943	-1.03374998491091	-0.232371124131087	-0.66824939402641	-0.0685029020240878	-0.453212123329062	0.0595697245480252	-0.910915224025244	0.582346947754322	-0.552632403101679	0.0132971006768003	0.652640294604506	-0.303555891876376	3.30089795575274	0.0064614309415547	0.0762722784416503	-2.51676065937865
2775	NA	NA	NA	NA	0.688189602042884	-0.0336991473481934	0.334343542835305	-0.224182502985712	0.56481305194041	-0.126173100542742	NA	NA	-0.850683829977359	0.200548574323659	-3.58657420046851	0.0122214941055687	0.11116923687499	-2.51790679037532
7016	1.32099007546849	0.395545197150866	1.60326031537122	0.397513858748493	2.36672892360179	0.522330876534729	0.466434054258502	0.0979030729825045	1.17546671686351	0.466950810009143	1.36016815823566	0.813873257687838	-1.18463184217165	0.915597109742729	-3.29993050478125	0.00647292887083626	0.0762722784416503	-2.51849970487715
2895_2	1.02573754045919	0.654935196374394	0.517834421519502	0.530984603998527	0.983652381271677	0.356966633882351	1.04077042282462	0.367344510638962	1.33268874722491	0.183385798433983	0.863462701874551	0.468213034110835	-0.658512173402486	0.693831332717793	-3.29651304340778	0.00651371080203025	0.0762722784416503	-2.52464274643999
2435	NA	NA	NA	NA	-0.142435126012464	-0.380459259618969	-0.0943897382753608	-0.854100309362266	-0.00666812969394198	-0.514415210597127	NA	NA	-0.779548681509063	-0.332077962260022	-3.56765897783292	0.0124965626479245	0.112415430515235	-2.53972975982803
4449	0.566192042931325	-0.223189055795354	0.622370439679449	0.164345597430193	1.59505455212678	-0.181889477182345	0.515250184955897	-0.550135760408049	0.698700088452846	0.274523736115181	0.453938564019035	0.368863429217934	-0.958957805756958	0.358668695128574	-3.28349502397863	0.00667145863488526	0.0776152119470915	-2.54804268343783
4207	NA	NA	NA	NA	0.530668801710683	0.327191141912067	0.483731188464976	-0.445860365045995	0.492604455003956	-0.071557029446762	NA	NA	-0.957496993403315	0.219463032099821	-3.49070224725758	0.0136888352102072	0.120553775632749	-2.62915429593832
4649	1.97405094899061	0.341367627079701	2.53724547052928	1.41561712912655	2.71457106773471	0.749941891621068	2.19489507976461	0.973500311129759	1.88159501843238	1.22975711391982	2.5125276370907	1.07900767603531	-1.03403063962202	1.63367308095454	-3.23785863583276	0.00725564986944642	0.0822045520343767	-2.63006249105303
7743_3	-1.23302572719726	0.240582630577958	-0.0100298713401286	0.236813799798219	-0.247768081460786	-0.370494009969511	0.180044241682892	0.193867626791895	-0.405282476557339	-0.106996637525982	0.00415019817496279	-0.0550161633934927	0.753913849470669	-0.131096205868214	3.22773563025974	0.00739209445504387	0.083300161170817	-2.64825235843761
1187_1	0.595489477313347	-0.463313545963438	0.274281673548635	0.296908654966536	0.989232476626764	0.255975026919173	0.12136915705391	-0.452228048071957	0.550668956814435	-0.523925839559106	0.57876725400189	-0.0902149712657198	-0.793641758375229	0.177750856032039	-3.21089169949533	0.00762489910694711	0.0848323106725801	-2.67851498096863
130	0.214233945672668	-0.410194252347454	2.34948883999731	-0.967915343995582	1.51980282338488	-0.707145805786005	1.304768696289	-0.19164198336565	1.50419413169277	0.424732996293965	0.219868456790901	-0.499771010591614	-1.63251974623439	0.3967017911696	-3.18637874496764	0.00797699333779278	0.0866309742798636	-2.72254563797854
5115	1.84081620993374	0.0377030087590972	1.38644042933038	0.401457945422507	0.965040146283284	0.323539075227137	1.34965974699006	0.330346396747562	0.992643930354491	-0.251849958404266	2.04602538990124	0.40229374281289	-0.888134067196184	0.818676338613177	-3.17490982767406	0.00814731742104279	0.0880246253325036	-2.74314136157059
1469_3	1.20912838101113	0.389827428680516	2.24986424599197	0.555386084904258	0.707693029956796	0.523265433127705	2.14108126755315	0.425820494660973	1.6399605374637	-0.0129621951166933	2.54169395256892	-0.122236070957036	-0.899270479941146	1.02071021582045	-3.15841187732611	0.00839877985496523	0.0902761157743955	-2.77276180621056
3196_4	-0.623888053450145	-0.356389272860975	-0.631490283263401	-0.251637447298376	-1.58637446655176	-0.0306958622288418	-0.389533848193343	0.176980559258664	-0.712656267184371	-0.640791667055197	-0.500884458136907	-0.403934084673855	0.814775938157568	-0.495941262636542	3.14072102536539	0.00867712224950234	0.0909557222249427	-2.8045147587411
6418	-0.183951987463139	-0.339402907598475	-0.135368820442102	-1.42039958342268	-0.210454020472549	-0.88122380307174	0.062448727037509	-0.788116602956676	-0.096826711394653	-0.140057085679201	-0.787865379103702	-0.735008539364703	-0.817430668804573	-0.471352226161009	-3.13518890456378	0.0087660556308803	0.0914112069767418	-2.81444212035583
4489	1.93358745516686	1.01879522977208	2.88060102634667	1.28991702000576	2.4751536369856	0.605555820290095	4.27151837714513	0.541266272626453	2.73585449569204	0.566166413885575	2.90998103134489	1.37348360780849	-1.31330956246793	1.8834900322558	-3.13198548091396	0.00881797223630844	0.0914973752836757	-2.82019015840773
4487	0.511714776366856	0.486034729772082	0.119097426346666	-0.495069157794237	0.573147616385599	-0.0462752097099045	0.390825300645134	-0.029326139973547	0.754614977292042	-0.487294220114425	0.249460010644892	0.169373128008486	-0.731499846601265	0.18302526982247	-3.11305493767709	0.00913115164994086	0.0942802653117047	-2.8541503184919
1375	1.16583626705718	0.166129364470438	1.95287349830448	0.335346908487838	1.03352554310312	0.580344826586716	1.2250051451382	0.466440437584364	1.020900207205	0.466492958823113	1.39449839503424	0.40291337476444	-0.671853765509554	0.850858910546595	-3.10303134313167	0.0093014842330338	0.0953824379305754	-2.87212633383812
2510	0.72559352525725	0.619304524596562	0.229011517246717	-0.961310058710012	0.331146779865489	0.0194118857733411	0.292217670462695	0.0217510003032119	0.360590990757793	0.152635671183179	0.448115429636699	-0.010369154802523	-0.789086503029952	0.185674981797534	-3.1014345603662	0.00932891210675952	0.0953824379305754	-2.87498957509284
4740_2	NA	NA	-0.214065004923572	-0.79355706239833	-0.0616479383517934	-0.0985895946411411	0.0980480059650488	-0.876723201859884	NA	NA	NA	NA	-0.773492193777313	-0.324422466034945	-3.2663616611433	0.0179475717533006	0.148574039338917	-2.89554164831299
62	1.93192187816234	0.452877637768336	NA	NA	1.61751268133891	0.990660702499576	0.323722436423064	0.438582424463407	NA	NA	NA	NA	-1.33613485528722	0.959212960109272	-3.21926702261558	0.0190163341058779	0.1527135489882	-2.95250524563495
7332	-0.177186040950877	0.370458619843233	0.665819919120322	-0.708111801939964	0.00775705270542421	0.171027043751195	0.272272231377319	-0.192885817290399	0.278103105577989	0.575556371630281	0.243459001861965	-0.779093253631035	-0.596254996731311	0.0605980360046211	-3.05757747666161	0.0101148582614615	0.10095591864773	-2.95358626783175
4666	0.491989758407137	-0.922148336886282	0.248073008570035	-0.315265402624459	0.348037626843736	-0.688083560535805	0.290458471980483	-0.834037805866069	-0.0371404322989786	-1.29721147295622	0.759227037208649	-0.127294418742003	-0.693161526728142	-0.173616293908315	-3.05149360369514	0.0102290136924361	0.101132135374274	-2.96448185042691
2209	NA	NA	NA	NA	1.25915025632287	0.717191083426007	-0.151829557560775	-0.0959520462587033	NA	NA	0.845574615809475	-0.245877349509772	-1.4300649542071	0.38804283370485	-3.20857439501778	0.0192686284984312	0.153450194832135	-2.96548725714275
1407	NA	NA	NA	NA	-0.307353095847155	0.354173959573873	0.0783349293473898	0.392889859750709	-0.288124721878048	0.263656076126656	NA	NA	0.69062876861331	0.0822628345122373	3.20302955665886	0.0194009072664675	0.153450194832135	-2.97222632250925
5986	-0.0433271213272243	0.553426721818964	0.316518252574729	-0.160162740658381	0.373071757218886	0.19760062422347	0.29595883334262	-0.197403411721918	0.638914495595998	-0.0150712912086422	0.0524985854724558	-0.460579862726878	-0.595601715531612	0.129287070217007	-3.02705353743649	0.0107007673031897	0.103704267934069	-3.00823134764873
2876	0.468745327199541	0.339334345076811	-0.235850586242456	-0.269415310397451	0.30206970440417	-0.0119883152222593	0.671608080859852	0.124204427406055	0.848144189495502	0.113809072764848	0.0875295784370233	-0.369748978715573	-0.711306360935394	0.172370127922172	-3.02702211357355	0.0107013876890142	0.103704267934069	-3.00828757706225
2877	0.468745327199541	0.339334345076811	-0.235850586242456	-0.269415310397451	0.30206970440417	-0.0119883152222593	0.671608080859852	0.124204427406055	0.848144189495502	0.113809072764848	0.0930275023370233	-0.356611007415573	-0.706927037168727	0.173923119188838	-3.01706533589921	0.0108997851233872	0.103704267934069	-3.02610117624122
6451_2	1.24953879841	0.422445573739117	1.26310194639612	0.236675927904517	1.15544160707613	-0.0524196027252292	1.61527406415013	0.352189072292058	1.10421516225579	0.04312521367141	1.6234762491949	0.897971969951731	-0.674119532531205	0.825919665193056	-3.01033106970586	0.0110360555619339	0.104196272332493	-3.0381460368805
4480	0.672207472066856	0.866007929772082	0.148272526346666	-0.666685328194237	0.526336444085599	0.169811120290095	0.527320871345134	0.130320489226453	0.677794201892042	0.0260325688855754	0.400367281644892	0.124046033808486	-0.762885641067932	0.300152634264137	-2.99784664790461	0.0112932106253604	0.1056721851373	-3.06046813915175
4187_1	1.30816008461867	-0.140557620881089	0.571893012179028	0.638231235169022	1.02145759405742	0.685094554725039	0.339961733721996	-0.0134345719387956	0.940224869651467	0.496732102065724	0.136416887191322	0.43662582658739	-0.736140019503314	0.535067142262266	-2.98793548243976	0.0115016244915642	0.107144021930304	-3.07818213824681
4112	1.2289193824818	0.188196632734675	2.0111542074383	0.849553764991373	1.15024806722956	0.39500017288472	1.81790905079045	0.697299361216729	1.53913333802256	0.828837341818559	1.90807810733073	-0.172274685766053	-0.847907449097291	1.03683789509778	-2.98193034223548	0.011629768876942	0.107383240379165	-3.08891181552485
2778	NA	NA	NA	NA	0.764943203442884	-0.495295897348193	NA	NA	0.49121183324041	-0.180308656542742	0.412655752922877	-0.200023825303272	-0.828101343644919	0.132197068401994	-3.10618745580541	0.0218796009088105	0.166361640832219	-3.09068643213282
19	NA	NA	0.412492423523523	-0.21881104717853	1.21623443078952	-0.0684974489063866	0.798451268508298	-0.114158553886992	NA	NA	0.980842611647477	0.596083801342092	-1.128529697364	0.450329685729876	-2.97661013473158	0.0181921672094558	0.148948369027419	-3.09493221645021
6259	-0.623528445864869	-0.224304119818724	0.697968094421849	0.742987207919483	-0.481840244179013	0.21249390812418	0.672692655839926	-0.0824345385272668	0.0151417317709482	-0.0568635536140021	0.131534657002233	0.416639751919661	0.72247312652827	0.1183739254162	2.95701373282936	0.0121768920520048	0.11116923687499	-3.13340477069986
6422	0.163935719739999	-0.0130627098754289	0.4237271176718	-0.26293030199685	-0.0045313490178857	-0.131630971487491	0.425130348171073	0.00118195925060742	0.653280051652653	-0.247395915223496	0.599906859835188	-0.933069416600511	-0.669167393907173	0.0562117826766382	-2.94368964648619	0.0124799391718859	0.112415430515235	-3.15717868484102
5275	NA	NA	0.647456452223846	0.0253569941857359	-1.21293051115122	-1.03036038107458	1.18760550465033	1.75636731669045	NA	NA	NA	NA	2.10379266658931	0.228915895920759	3.03644793216046	0.023879125662967	0.174392499615257	-3.17685847681082
8034	NA	NA	NA	NA	1.44536385330906	0.70139559723072	2.21114023002444	0.332569587007411	1.48653032489571	0.602764354367645	NA	NA	-1.13337750209498	1.12996065780583	-2.99209256973002	0.0252542581575232	0.183158910374286	-3.23202623718445
8068	0.135271372576616	0.148760835066517	0.446756785440228	-0.0711841733858941	0.646778975249884	0.0990503502724096	0.406396050657554	-0.608605899637484	1.0051482942291	-1.03874879232036	0.809425170066024	-0.2382573849353	-0.90174870000476	0.145065965273275	-2.8884761961674	0.0138180040484256	0.121182161027197	-3.25554325824277
1606	NA	NA	NA	NA	-0.0380367569945758	-0.204003136248805	0.308299229577319	0.616792124509601	-0.256296528022012	0.135866323630281	NA	NA	0.763958767017895	0.0937702094086348	2.94746730106278	0.026725343869015	0.187909070085107	-3.28780274632417
2967	NA	NA	0.0424289845755834	0.0822980141347302	1.04823746613222	0.680220237729335	NA	NA	NA	NA	0.468811635119279	0.200061160432285	-0.907057878848717	0.420342916353906	-2.9412321722329	0.0269382098289548	0.187909070085107	-3.29561722800466
4740_3	NA	NA	-0.237103549265057	-0.658900961372581	0.00432518466351747	0.0740397290324304	-0.00356811539088933	-0.598433306559793	NA	NA	NA	NA	-0.632992318629705	-0.236606836482062	-2.93726277119287	0.027074684716461	0.187909070085107	-3.30059475270892
1149	NA	NA	-0.515229208948757	-0.00490427687851233	NA	NA	NA	NA	-0.521064805266869	0.138617879587346	-0.46535671116765	0.496419029622876	0.766822181639051	-0.145253015508594	2.88896276188443	0.0287969084019735	0.192838083100756	-3.3613257942021
2121	NA	NA	-0.391862722199775	-0.729715534784614	0.191420392122867	0.330712183426007	NA	NA	0.165693595409091	-0.362535978694652	NA	NA	-0.908272528550593	-0.132714677453513	-2.87419503406142	0.0293469481014184	0.19459866231987	-3.37995362990005
4691_2	-0.022607567479679	0.623991218274608	-0.533486862390858	1.2337460156567	-0.149653227309577	-0.399237549563873	0.0808294847289988	1.95556865525603	0.0654744800023345	0.422614325456954	0.619691542306812	0.209592810185619	1.16856459862843	0.342210277093673	2.8098849674094	0.0159722941379497	0.137204625053863	-3.39507196002066
6044	NA	NA	-0.250468343538831	-0.0341720957078139	-0.767675354857339	-0.122158096690031	0.356521005323074	0.332569973285161	NA	NA	NA	NA	0.916874293646012	-0.0808971520309634	2.85328543658395	0.0301453237302136	0.195617952131665	-3.40637499420109
6045	NA	NA	-0.250468343538831	-0.0341720957078139	-0.767675354857339	-0.122158096690031	0.356521005323074	0.332569973285161	NA	NA	NA	NA	0.916874293646012	-0.0808971520309634	2.85328543658395	0.0301453237302136	0.195617952131665	-3.40637499420109
5632_2	1.94471200955332	-0.160031829249852	0.928361429745338	0.651282209135198	1.09585315135144	0.351135017493702	1.16047381509232	0.045905823516546	0.930205093008707	0.0169401008218734	1.6462060078545	0.703667924211386	-0.856638099016777	0.776225896044539	-2.79801161467378	0.0163255331268605	0.139098851357315	-3.41609562566087
8129	-0.348160271976055	0.357065528400998	0.725227500515062	-0.28601100649196	-1.08316754653327	0.0229459933785151	0.571530702829218	1.12268924808501	-0.07753649950657	0.125983453164767	0.214867107775346	0.405560912781299	0.917034490796747	0.145916260201863	2.78412800729273	0.016748402701979	0.141371348784897	-3.44065854217243
6028	-0.894162666173254	-0.315719659972979	-0.102464387510219	-0.381300506026003	-1.02310028716933	-0.881222142101019	0.0385485543919122	0.337234322101365	-0.394539720429054	-0.835623727883255	-0.274648925258745	-0.310185994267188	0.652516831859939	-0.419765428358148	2.78263258574056	0.0167945924844654	0.141371348784897	-3.44330291802875
7187_2	NA	NA	0.344943256276118	0.0784123991799149	1.76364348776099	0.867292857213674	-0.0855678215694891	0.337904017309415	NA	NA	-0.281343551025093	1.18573335602654	-1.22962689692236	0.526377250146508	-2.73732893100768	0.0261540553074901	0.186038777648038	-3.44510546957399
8141	0.230937833646627	0.253354083091058	NA	NA	-0.140272419766142	0.132442087927053	-0.490471729073533	0.587934516602842	-0.183254174958042	0.00283498013014222	NA	NA	0.618797436962027	0.0491881472000005	2.71887789187641	0.026901788909391	0.187909070085107	-3.4722011791966
1426_1	NA	NA	0.385682825683195	0.16664732390707	0.69677976112411	-0.0670707261351302	0.39373908335954	-0.110534094549668	NA	NA	0.575167015013493	0.177618672883439	-0.61886912704383	0.277253732660756	-2.71847921648374	0.0269181864323381	0.187909070085107	-3.47278672506614
3903	0.358163281752529	-0.0331178255289793	-0.476653584477709	-0.908031187799196	0.229735701597117	0.240065950657591	-0.37979984219171	-1.37083042773253	-0.283431852424178	-0.775976978564088	0.217266640771204	-0.168698827813278	-0.917342524756823	-0.279275745979435	-2.75900943869777	0.01754119578884	0.146479467623142	-3.48504079160003
3899	NA	NA	-0.0945616544777087	0.272248033700804	1.05131327319712	0.505769850657591	0.41895668680829	-0.611457322032528	NA	NA	NA	NA	-1.22091791736298	0.257044811308928	-2.78508349829506	0.032917178323261	0.207190407704369	-3.49291818405936
4628	0.0234023941060384	0.0282221431250595	0.0438073504783224	-0.481843961348051	NA	NA	0.239773272511291	-0.685414921934712	NA	NA	NA	NA	-0.60703183574742	-0.138675620510342	-2.77127108339822	0.0335114017280726	0.208426997098042	-3.51051019801445
6027	-0.959578856573254	-0.407705459972979	-0.174162487510219	-0.452708007926003	-1.18390158826933	-0.957671742101019	-0.0753974072080878	0.242810930201365	-0.390430592529055	-0.683945424883255	-0.307875638058745	-0.353835825567188	0.656726044693273	-0.475366841699814	2.74445291260814	0.0180174918740619	0.148574039338917	-3.51072554285463
3900	0.360136983352529	-0.225176185528979	0.129948915522291	-0.0304698021991962	0.537643707197117	0.284932950657591	0.23069048620829	-0.978905373532528	0.347377209275822	-0.530581432564088	0.398646670371204	0.0848449564867221	-0.72322937302349	0.0507574237705647	-2.72325143344068	0.0187341439024383	0.151913109678653	-3.54808677112857
2773_1	0.727871021888712	0.922968422551979	0.146574621300355	-0.458419628219865	0.681028580642884	0.210786402651807	0.750233614435305	0.177599583114288	0.93496656664041	-0.414543841542742	0.744890175722877	0.114947589896728	-0.836579541460285	0.378241925756895	-2.71933894777163	0.0188694344158484	0.15211667129084	-3.55497489593851
5139	NA	NA	NA	NA	NA	NA	0.334032214939799	-1.13127149765224	0.504728555171041	-0.273464477944909	1.0093500268423	-0.273860100395764	-1.20729435419504	0.0282524534933717	-2.72549907046987	0.0355646949354058	0.216068407491625	-3.56895558477345
532	0.82827309296787	0.709955928149229	0.659213734138973	0.0814877644664493	1.02176170542817	0.147590716079979	1.02273657650944	0.207667866452894	0.753381920088195	-0.4300141481177	1.00713018503292	0.290402308959184	-0.674619592868569	0.524965637512967	-2.70743104226695	0.0192871555291135	0.153450194832135	-3.57592666018833
6596	NA	NA	NA	NA	-0.0607980152318099	0.295988999774157	0.669304673577944	0.701928746158315	NA	NA	0.197997073831331	1.27469376623623	1.04910927142908	0.513185874057695	2.71996711670335	0.0358218884024279	0.216717231041441	-3.5760342120281
2260	0.230793326076081	0.0240747312944612	-0.030898045469273	0.0561921845977053	1.03092795970228	-0.0185440001219108	0.343107297788236	-0.315578428397688	0.408214585867708	-0.048888983263405	0.569947254307484	0.140502885839079	-0.596273076535656	0.199154230685063	-2.70063949170322	0.0195294659325785	0.153737557281517	-3.58786759268798
3111	-0.0338819652905155	-0.204229673322372	0.49164555758367	-0.00570561187644177	-0.468597518924404	-0.372042551805343	0.104535250360183	1.18990523333366	-0.134595466234715	0.215366877036625	0.158991138732042	0.375212260687399	0.732162277531418	0.109716960856649	2.69912424643151	0.0195839350163001	0.153737557281517	-3.59053083027516
1875_3	-0.897085294607729	-0.650223933311026	-0.259015689246158	-0.543074013792806	-1.05981931741723	-1.18596791462303	-0.000379866037697896	0.224798301375112	-0.606625539500282	-0.87394683987309	-0.317720444792054	-0.421275429431958	0.607993003225194	-0.549194665104829	2.68120676335586	0.0202394746716426	0.157702375136665	-3.6219985273794
2667	-0.494038236049084	0.286822048867497	-0.555218810588809	0.156503802178904	NA	NA	-1.1857711519096	0.303309819408965	NA	NA	-0.460633401963067	0.280560293044086	0.740829540926403	-0.208558204626388	2.61061625417427	0.0317550703255209	0.202922644519182	-3.63128304675278
4175_3	0.897367088002739	0.0994239305779579	1.42927486865987	0.690301970098219	1.22328425363921	0.573659490030489	0.966155230882892	0.277180631791895	0.885343311842661	0.785650903474018	1.24977312867496	0.146700232906507	-0.630603939562665	0.768676253381786	-2.67439484404303	0.0204943247942544	0.159096684328731	-3.63394990940187
3908_2	NA	NA	NA	NA	0.650202339329806	0.161088688633022	0.125028171795797	0.0852224361319608	NA	NA	0.402457263734091	-0.417315175534942	-0.816248709031296	0.167780620681622	-2.66918069725678	0.0382787151366202	0.226275655134756	-3.64116335645711
7750	1.07189538519608	-0.0167538640566453	1.24268791963378	0.18699856900719	2.42069318133262	0.0154843348444565	NA	NA	NA	NA	NA	NA	-1.55929571425716	0.820167587659579	-2.6652046816541	0.0384785532498079	0.226275655134756	-3.64627281015883
2385_1	0.82077314619051	0.131526478604984	NA	NA	0.851038204582511	-0.085209420398497	0.947909860337405	0.0861994150780759	NA	NA	NA	NA	-0.749706260308434	0.458706280732498	-2.66398120129792	0.0385402714136965	0.226275655134756	-3.64784536532943
7177	NA	NA	NA	NA	0.495189476555475	0.037866945627657	0.0107144844130015	-0.0152803423416483	NA	NA	-0.222165919362145	-0.239239964209486	-0.622449629831042	0.0111807801138091	-2.65561081082445	0.0389653718677824	0.227344672954996	-3.65860767664962
3145	-0.128564286108898	0.124557599520425	-0.190699208113283	-1.17450148972206	-0.0633640886805655	-0.999780950900919	0.342063586583829	-0.691009036356452	-0.0743685360511474	-0.0537218872798714	-0.486414232567948	-0.658284674745718	-0.75249942999454	-0.337840600368551	-2.65693393789928	0.0211620773138628	0.162539409461848	-3.66455345870454
2028	NA	NA	NA	NA	-0.296088520777133	0.163775783426007	NA	NA	-0.142804150690909	-0.0836286316946523	0.258928556909475	0.398184629190228	0.617630964924248	0.0497279443938359	2.64787654621019	0.0393626362387102	0.227344672954996	-3.66855782217367
5220_1	-0.686066926540805	-0.426835733427683	0.323332098351206	0.301804452859155	-0.158913448412366	-0.327749849943164	NA	NA	NA	NA	NA	NA	0.72429464033574	-0.162404901185609	2.64683653432737	0.0394163858386046	0.227344672954996	-3.66989621533351
6258	-0.938105980264869	0.409471080181276	-1.03945070557815	-0.139250223980517	NA	NA	-1.28442847796007	-0.272566674727267	NA	NA	NA	NA	0.732197530910977	-0.5440551637216	2.63918053236159	0.0398144894333651	0.228633342061187	-3.67975174121335
2710	-0.0143401493128694	-0.37224893374961	1.10244218374112	-0.150865565594566	0.400329440602806	0.211007506760776	0.352808161692037	-0.648906650238084	0.690049282448968	-0.145329833662723	0.131306252106136	-0.238085637310571	-0.704632142294042	0.109847171456951	-2.63580374183624	0.0219987814348977	0.166460093456843	-3.70152619456165
4704_1	0.834009975561555	-0.538395813749779	1.00426325932635	0.526832526471353	0.854225498970992	-0.347328373842889	1.36088896876225	0.364999544957158	1.35182706905174	-1.18463570563489	0.989620824887744	0.317279679553831	-0.610316930867314	0.461132287859617	-2.63077233753573	0.0222027498130997	0.167399149669989	-3.71031966156639
1467_3	1.27509042351113	-0.299162271319484	0.964351645991967	-0.192006869495742	0.171257852756796	0.0306776031277051	1.23672324065315	0.196365015960973	0.928627461763703	-0.0910448781166933	0.353082767768924	0.116797332942964	-0.751273419541146	0.390896610462116	-2.627431009351	0.0223392278519351	0.167824450099125	-3.71615713144206
8227_2	NA	NA	-0.0318088052058151	0.00297407264270642	0.865421822415394	0.51632755021425	0.131169536980255	0.300808230030903	NA	NA	NA	NA	-0.71353067107859	0.297482067846282	-2.60411324033401	0.0416937585908502	0.233812878460253	-3.72495930591037
1712_1	NA	NA	-0.634516132330999	-0.15321230357346	-1.04735413773074	-0.317903923569119	0.319185326776924	0.269545015135507	NA	NA	NA	NA	1.10552049351177	-0.260709359215315	2.60362783887389	0.0417204277405222	0.233812878460253	-3.7255858028726
4481	0.643072113566856	0.539302329772082	0.0835121263466662	-0.298450705694237	0.407536822585599	0.223837620290096	0.398730178245134	-0.065798301373547	0.835386321692042	-0.713894274114425	0.506580171444892	0.100752976408486	-0.716497096167932	0.221713948264137	-2.6140833445847	0.0228926717509902	0.170122573620527	-3.73945823725116
2244	-0.133361004387149	-0.456343256397074	1.03708693357579	0.809774219286755	0.203726247032887	-0.0689957987364373	NA	NA	NA	NA	NA	NA	0.774591597963886	0.231981223395795	2.58969992807006	0.0424934787262887	0.235995397453179	-3.74357048326488
4664	NA	NA	-0.156197921429965	-0.276360012024459	0.553551452943736	-0.178907060535805	-0.120291122119517	-0.481944336666069	NA	NA	0.651671102308649	-0.098772666942003	-0.839243791487913	-0.0134063205581792	-2.5256206902716	0.0361884689239048	0.216717231041441	-3.75615928701432
4198	1.33457349865379	0.639908494290643	-0.520467978367497	0.0691406474760201	0.272697636754694	0.510877105865602	0.705839593839025	0.0878122889377511	0.914480834989497	0.234919041456964	0.221164116501952	-0.0404319632289764	-0.801743665737728	0.369209443097455	-2.59948120591111	0.0235135208990629	0.172873233654919	-3.76491578797067
6026	-0.165001315373254	0.221549100027021	1.44319771248978	0.654308682873997	-1.06361400146933	0.869246057898981	0.472829740291912	0.507107817501365	-0.111528560229055	0.311043429116745	0.178303580141255	0.142945465332812	0.881501947593272	0.288365642383519	2.58214723872811	0.024271935993277	0.176645756395516	-3.79508936635189
7066	NA	NA	-0.334811302648919	-1.94118442236169	NA	NA	NA	NA	0.2282396214223	-0.074155946291958	-0.18465682017419	-0.505451111429198	-1.45155738831774	-0.468669996913942	-2.54760402903027	0.0449243264126749	0.245211948335851	-3.79802013330436
2348	NA	NA	NA	NA	-0.675162715016783	-0.845450597568043	-0.585864442824043	0.298150648207278	-1.36570843513604	-1.51941466031879	NA	NA	1.31858622328369	-0.782241700442737	2.54102074408624	0.0453176939139028	0.245901515976054	-3.80654731935015
7089	NA	NA	-0.674613351297117	-0.0628413469632057	0.829207748779872	0.142256770011987	-0.624372025261761	0.398538264637666	NA	NA	NA	NA	-0.661359289942641	0.00136267665124016	-2.5209569619994	0.0465393303801154	0.246838172918137	-3.83255417727691
1500	1.08130435948269	0.189042674552896	1.42680964024855	0.374320142505387	NA	NA	NA	NA	NA	NA	0.980996366042051	-0.470167819901898	-1.12922819818095	0.597050893821614	-2.5061713971898	0.0474619774713908	0.249950514522701	-3.85173663371302
1501	0.871173145882691	-0.183401835447104	1.03019664024855	0.284288239405387	NA	NA	NA	NA	NA	NA	0.967526587842051	-0.617485698201898	-1.03777187528095	0.39204951328828	-2.49427366541167	0.0482185228263829	0.252665059610246	-3.8671826078204
1409_3	NA	NA	-0.295959638977625	-0.182829232657189	-1.06187507365227	-0.632939117011733	0.104550549563251	-0.288301630391688	NA	NA	-0.692414105231707	-0.453287206166984	0.753735717246979	-0.437881931815743	2.447551435574	0.0408152993470703	0.232469748455053	-3.87070125868571
6081	-0.895312362511739	-0.238407074746724	-0.637412490293693	0.272300789770722	0.000731292934034719	-0.4494096134395	NA	NA	-0.746660600174542	-0.326267464228175	NA	NA	0.819381346354804	-0.377554690336202	2.43579421782603	0.0415623463990658	0.233812878460253	-3.88792988863201
3645	0.202818950266026	0.115932880500307	-1.32623411430371	-0.0538107103804706	0.764373217514376	-0.107234431543921	-0.150433545775445	-0.860592975066828	0.206401853387321	0.0402623245573507	-0.365328042881708	-0.153030425697051	-0.747009377437357	-0.140572918285313	-2.52357356387131	0.0270157210874176	0.187909070085107	-3.8966546002273
5113_1	1.20196454453374	0.448672308759097	2.43805142933038	-0.0857728779774926	1.17171514368328	0.258951075227137	1.68549437389006	0.683007661547562	0.925154740754491	0.528227260595734	1.75639978460124	0.66205198231289	-0.679849221029517	0.97282645227151	-2.51703865825594	0.0273399720591093	0.188331892119984	-3.90794635634478
8056	-0.547039892777642	-0.791190910287379	-0.225090755690065	0.775644268876074	-0.287459750237168	-0.44468444606448	-0.694413698514793	-0.501055463981541	-2.29487693249492	0.233660363656169	-0.0821191385471019	0.241571577441788	1.21517898594868	-0.384754564885088	2.51435105806702	0.0274744228176289	0.188331892119984	-3.91258790498134
2016	1.39848353895423	-0.217090929116564	0.281402117800225	0.0801851573153862	0.0605964454228667	0.364446383426007	0.028570708339225	0.276577442041297	0.806139775409091	-0.145875478694652	-0.0267690039905248	-0.317977937109773	-0.742145032513094	0.215724018316401	-2.51037077293336	0.0276747246054175	0.188331892119984	-3.91945936932721
5293	-1.15241824411328	-0.071030043877409	NA	NA	-0.869588109399633	0.531131213741198	-1.05043605702341	-0.239104905269898	-0.96718001170975	-0.213809188130368	NA	NA	0.757290549804323	-0.504054418222819	2.39104706193557	0.044534238884117	0.244355404976726	-3.95343364676102
5294	-1.15241824411328	-0.071030043877409	NA	NA	-0.869588109399633	0.531131213741198	-1.05043605702341	-0.239104905269898	-0.96718001170975	-0.213809188130368	NA	NA	0.757290549804323	-0.504054418222819	2.39104706193557	0.044534238884117	0.244355404976726	-3.95343364676102
2836_1	0.520627460087593	-0.789693357558622	0.954113403581019	0.891311936782243	1.33501103831232	-0.362591656117153	0.839216503546151	0.0930683314125823	0.987008205839227	-0.272606548769905	1.07958100580689	-0.417496986133102	-0.758587807392474	0.404795778065771	-2.48424735140102	0.0290250331896981	0.193746718361806	-3.96448033822722
937	-0.46832463597084	0.030080684625848	-0.544775752835881	0.0791097118236578	-0.68489013626168	-0.274042402992753	0.595024601729334	0.165228331417568	-0.275511171858308	0.0114057805439096	-0.338168748931775	0.115878284457663	0.596314090596572	-0.132415454521105	2.47352273536317	0.0295977244318624	0.195084372355923	-3.98292311088894
7564	1.71487661722303	-0.664012746850924	0.30822380478989	-0.309618662595184	-0.0319699627018386	0.310655976875223	0.0101743870190682	-0.591537014111064	0.0197227380359297	-0.0980711955906509	0.264034110636784	-0.307114002572638	-0.970299690612001	0.0521136708464685	-2.47161523637395	0.0297007265037809	0.195149601103213	-3.98620088754767
1874_3	-0.962501485007729	-0.742209733311026	-0.330713789246158	-0.614481515692806	-1.22062061851723	-1.26241751462303	-0.114325827637698	0.130374909475112	-0.591730661800282	-0.72205161887309	-0.360128631092055	-0.488656671931958	0.600696495725195	-0.606621929854828	2.46431343286732	0.0300982353530347	0.195617952131665	-3.99874102730117
3096	0.0663163134299604	-0.440455205037641	-0.0878608016748866	1.91097646886774	0.55429214904455	0.216823429842114	0.271078959160004	0.353175407851623	-0.438060513306213	0.934798894007619	0.11527799605529	0.927249183503017	1.00295103701803	0.365301023478598	2.43747956536325	0.0316038350673393	0.202573817434688	-4.04472828108267
765	1.54464365768655	0.77398904807753	1.46447023442249	0.839439733457981	1.41548144026941	0.299368120825441	2.88853109552989	0.700014006843971	1.79587367888042	0.750233364869266	1.78695981791864	0.801916876898315	-0.804876053212037	1.25507675630666	-2.42337477797202	0.0324242003381177	0.206101234922206	-4.06883787472554
2081	0.0857840524542327	0.924495970883436	0.0131496778002249	-0.292384003084614	0.308130924022867	0.513793883426007	0.227663275039225	0.0180070842412967	0.951071229609091	0.0141434243053477	0.00325734000947522	-0.202263689809772	-0.607208938246427	0.213737430741401	-2.42295132669511	0.0324491448112252	0.206101234922206	-4.0695610047459
3263	-0.306729299633727	0.136756039415224	0.143223081785964	0.778176979112312	0.37522443483669	0.526903068409403	-0.729468554830942	1.22774721959736	-0.318992453741171	1.7685603884929	-1.17109030075699	0.748166526775275	1.00152934800772	0.264873094121858	2.42089294076133	0.0325706637043539	0.206248069862012	-4.0730755490745
1473_3	1.01399124571113	-0.452212571319484	1.78272524599197	-0.223381147195742	0.160271767156796	0.340613533127705	0.676108947753145	0.00228765496097255	0.831792895563703	-0.230956810116693	0.757210111068924	-0.0764083978570357	-0.767852599507812	0.381836872903783	-2.41880892185993	0.0326941438381261	0.206406402062387	-4.07663289038847
2524_1	1.40011556565525	0.264233670054054	0.677156523187792	0.836545529302124	1.23544945250167	0.6201464086325	0.910298891712679	0.0789901556847277	1.0713764190663	-0.051553783702919	1.34993551637026	0.85163850624704	-0.64658908199644	0.770361071225956	-2.38790493021184	0.0345791462922896	0.213270108529759	-4.12926836502183
78	-0.355643988925515	0.433512620516757	0.20166378010096	0.0381406724718263	0.0148210046357244	0.113093842368085	0.00215053420905154	0.432182153949524	-0.145617048830977	-0.649777379672318	-0.187256952637286	1.55146933255289	0.836077397365004	0.120728214228227	2.38178023806667	0.0349649717154347	0.214916658989886	-4.13967349478324
2728	0.257896893208289	0.554047147343651	0.489508556993851	0.378242175302946	1.10826203450704	0.267323652004828	0.522811193026878	0.34146212326993	1.04588110265852	0.872274599048706	0.182514470548201	-0.126431657727851	-0.606255796509608	0.491149357515416	-2.37438852292149	0.0354361377743849	0.216068407491625	-4.15221926482296
2187	-0.144956709945767	0.393984370883436	0.312392777800225	-0.419762847584614	0.0936200892228667	-0.206008516573993	0.210568486539225	-0.0690794681587033	0.623801389609091	-0.493924246694652	0.358955204109475	-0.697246131009772	-0.586184405213093	-0.00313796681693192	-2.36515494749787	0.0360333001866805	0.216717231041441	-4.16787272211413
432	0.493288087166356	0.138640668023237	0.246985297519821	0.222028963190343	0.655154962847576	-0.0963921676265548	0.397354648677443	0.498831102474214	2.06431144684114	-0.787799429223159	0.462242608776368	-0.119082412119117	-0.870325614436544	0.347963648045639	-2.35371807717044	0.0367863857596012	0.219046206113989	-4.18723257302522
4056_2	-1.12004424704852	1.74518120597288	-0.604059718622661	-0.137515691363149	-0.0527335691363656	0.28219554003783	0.00694340381294589	0.302678480685446	-0.876063237209249	0.798073853538512	0.400124240375553	0.450791869313082	0.888265237343173	0.0996310108630247	2.31545713995072	0.03941720488999	0.227344672954996	-4.25176098866344
1187_2	0.612146869748559	-0.337239050859779	0.345596721609499	0.41778724276094	1.22785814628103	0.317137411167875	0.100431096975749	-0.760335839248134	0.302244570181788	-0.751099894628646	1.28593495698197	-0.219617621437268	-0.901471934711946	0.211737050794465	-2.30352870141397	0.0402736451743928	0.230009701050483	-4.27180161773632
193	-0.0845254426359209	0.791796208806458	-1.01067407087347	1.82400635205384	0.341550575178299	0.835959325900682	-0.0078003038009189	0.4622143740234	-0.2251088099544	-0.150130007897695	0.404928178930186	0.602833559517794	0.952379321002352	0.315420828270688	2.2351926235316	0.0455332532928074	0.245901515976054	-4.38586632453845
2363_2	1.37779743315202	0.489677083854336	1.06407917314757	-0.249036390635631	1.44197394142077	0.238345909616271	0.135629237967644	0.249000742847028	0.652589582983048	-0.483425500315296	1.54520120496277	0.811410876767981	-0.886995242858821	0.606103607980709	-2.22365122986205	0.0464837880316624	0.246838172918137	-4.40500063615434
