id	1h_vs_ud|IB	30m_vs_ud|IB	1h_vs_ud|IB2	30m_vs_ud|IB2	1h_vs_ud|KR	30m_vs_ud|KR	1d_vs_ud|IB	6h_vs_ud|IB	1d_vs_ud|IB2	6h_vs_ud|IB2	1d_vs_ud|KR	6h_vs_ud|KR	logFC	AveExpr	t	P.Value	adj.P.Val	B
4925	0.0902162685217222	-0.106275639105224	0.0677219723460838	NA	0.172942719358441	NA	-0.319013096946081	1.38911456276327	0.328788839914655	NA	0.109273554092709	NA	1.191798620165	0.216596147618198	6.26530567224789	0.000222451459482483	0.199316507696305	-0.0973469291141633
4423	1.010145316826	-0.120461143943358	NA	NA	NA	0.0825255386598283	0.83689782806038	-0.12479128535957	NA	NA	NA	0.0255518092088786	-1.05976505490135	0.28497801057536	-5.89540757845215	0.000962038305728044	0.248834307326747	-1.18375760786031
2202	NA	0.139172584444737	NA	-0.132512977471499	0.445844149151715	0.285351116919034	NA	-0.295642045914974	NA	0.159354734254838	0.0752329956703518	-0.079416171524961	-0.615034547455527	0.074673048191155	-4.56548097986328	0.00174516593436706	0.248834307326747	-1.28984133653699
2040	-0.487286168877637	0.111946538772698	NA	NA	NA	0.0916727016185709	-0.179361888057229	0.586852713214132	NA	NA	NA	0.306634705871293	0.934029878420349	0.0717431004236381	5.63442147408468	0.00122356905414952	0.248834307326747	-1.29751535101627
5263	0.14394614031925	NA	0.260303308526072	1.04360367105859	NA	NA	0.107378910349728	NA	-0.17011054142025	0.485569067963838	NA	NA	1.05668587160909	0.311781759466204	5.12878018330741	0.00199609354943253	0.248834307326747	-1.54405531501539
4911	NA	-0.193767763665347	0.538574902085839	-0.0821989273788022	NA	-0.202794707009282	NA	-0.324263988086748	0.46966532516544	-0.00433906560821964	NA	-0.124594324527196	-0.646684405163022	0.00953518137196053	-4.24216800271954	0.0027047747678711	0.265762229056017	-1.5751413857413
414	NA	0.0339440619444211	NA	NA	0.659591292880354	0.21476368069445	NA	-0.0755322186746765	NA	NA	0.0254909127787516	-0.0731552764011953	-0.73393504041829	0.130850408870351	-5.0224386380286	0.00222173488684596	0.248834307326747	-1.60068087727996
3296	NA	-0.1976225351326	NA	NA	-0.373850186560953	-0.299714283344515	NA	0.766709203847139	NA	NA	0.455776941237984	0.359114794859468	0.936762185914257	0.118402322484421	4.75348859203511	0.00293277079149652	0.265762229056017	-1.7519216461616
1966	-0.134002632174303	0.0851135283623925	-0.269745555827212	1.75684380417945	-0.413020030273926	0.133182199958337	0.0887542561521292	0.354776621345433	-0.200313978859028	0.719275380138141	0.13085704579557	0.289934787544288	1.04963061812547	0.211804618861772	3.30273441632914	0.00620544005568412	0.304693387266533	-2.09693190026893
2610	NA	NA	0.0269316342771628	-0.231112245438167	NA	0.0564026078536002	NA	NA	0.541799446376267	0.00465190947801442	NA	0.00156024592772661	-0.656575446131487	0.0667055997457672	-4.16005160195191	0.00561163798069478	0.304693387266533	-2.12974197582586
1286	-0.469500657495886	-0.18156743186176	-0.119668147675786	0.087140787846391	-0.573486559754811	-0.210833845809624	-0.290721559418509	1.06766318435104	0.146300174958103	0.338622809743341	0.282030059270107	0.499037616832547	0.850176210440858	0.0479180359154297	3.27689353503778	0.00651176852993879	0.304693387266533	-2.13802795469956
924	NA	0.356282180838333	NA	NA	-0.336863136212737	0.130074761331825	NA	0.305116133430165	NA	NA	0.0907936057094139	0.296118862614033	0.637480634234836	0.140253734618505	4.1422400288568	0.0057265900964582	0.304693387266533	-2.14208227416434
1944	0.120343166547378	0.169621663617833	NA	NA	-0.28865931223283	NA	0.0273718144737573	0.811353879491448	NA	NA	0.286082745928401	NA	0.895511952334174	0.187685659637664	4.13263171865329	0.00578968961599061	0.304693387266533	-2.14876431043786
3471	NA	-0.0857798342220732	NA	NA	0.498126852730075	0.185945679400257	NA	-0.258183305594038	NA	NA	-0.638030832134423	-0.298899705167721	-0.776668358110954	-0.0994701908313205	-4.0039766733656	0.00671374408427768	0.304693387266533	-2.23994941856066
4341	NA	NA	-0.0139047975591582	NA	0.387424072446946	-0.0862704553569057	NA	NA	0.118557599067122	NA	-0.0336019291948498	-0.43978792474415	-0.692778760501184	-0.0112639058901659	-3.96657821420899	0.00701235028748521	0.304693387266533	-2.26705895972055
1148	-0.139182646890109	NA	NA	-0.762621004951616	0.192135861906989	NA	0.0263195146612719	NA	NA	0.420613585432099	-0.0853980067260414	NA	-0.789097612460056	-0.0580221160945679	-3.94936728337248	0.00715471016990515	0.304693387266533	-2.27962693341366
4757	0.390486202246585	0.0226746607897912	NA	-0.0959283411296965	NA	NA	0.241624814088378	-0.309146841139766	NA	0.0286929678843609	NA	NA	-0.593023793381316	0.0464005771232755	-3.81460759415768	0.00838716515784281	0.304693387266533	-2.38005347702243
4451	NA	-0.272010967461545	NA	NA	-0.189410082471168	-0.354612028476376	NA	0.921566857593246	NA	NA	0.403305837672492	0.4049964793018	0.852691750918691	0.152306016026408	3.77892923588496	0.00875169090361498	0.304693387266533	-2.4072458641273
1037	0.0456563768029133	-0.0617768255903528	-0.215713667239192	NA	0.353618603139107	NA	-0.556333225027141	-0.578425447479558	0.0267660525463883	NA	-0.173263849194463	NA	-0.720439124975694	-0.144933997755287	-3.31271946107475	0.0103618687985871	0.304693387266533	-2.50734760498472
5248	0.300960070696152	-0.0829946640860164	NA	NA	0.229882057499413	NA	0.440704470448948	-0.608125037373616	NA	NA	-0.131155650421345	NA	-0.873546101471399	0.0248785411272559	-3.56647382767298	0.0113207557409113	0.304693387266533	-2.57445565124577
2279	NA	0.0407601408568121	NA	NA	-0.593955119362525	-0.216206450389377	NA	0.0172328029342644	NA	NA	0.106831968478475	0.175939479744515	0.690541260701914	-0.0782328629563058	3.55395589221872	0.0114962342279138	0.304693387266533	-2.58459117340668
1511	-0.233474374187616	NA	NA	NA	-0.652859102306475	0.147213774132524	-0.199602782061662	NA	NA	NA	-0.356833623980853	0.400356769281452	0.843523507528497	-0.149199889853772	3.51920085520337	0.0119993354151606	0.304693387266533	-2.61289726404698
1514	0.24709887450933	NA	NA	NA	0.520306344287112	0.659385818677852	-0.0242611283134565	NA	NA	NA	0.447572821353378	-0.447697342552086	-0.831399951950306	0.233734231327021	-3.49079850910356	0.012428485766145	0.304693387266533	-2.6362102244669
2568	0.898757323549084	0.260342336839397	NA	-0.0318830041603144	NA	NA	-0.840204429473269	-1.05164174523568	NA	-0.0740055585988072	NA	NA	-1.44051969824708	-0.139772512846599	-3.47007632790613	0.012752234400106	0.304693387266533	-2.6533217582758
1190	-0.202669365483329	NA	NA	NA	-0.579252834105937	-0.0265990370439522	0.0401892834475975	NA	NA	NA	0.0671947962844457	0.311160578526161	0.702121678320794	-0.0649960963958355	3.38838451136125	0.0141217842462033	0.316327967114953	-2.72162083016051
2260	NA	0.431150811961017	NA	NA	-0.357830999365061	0.0299692205663335	NA	0.204273112891458	NA	NA	0.0290676764465187	0.388921451540481	0.654428281581031	0.120925212340125	3.22855199171368	0.017291449617863	0.338646725034885	-2.85910652487105
3341	-0.0267844491464784	NA	NA	NA	-0.339192473721659	-0.139906429371886	-0.034254773004499	NA	NA	NA	-0.195364879512927	0.456032624362277	0.639021085796346	-0.0465783967325288	3.22728788817457	0.0173194263466257	0.338646725034885	-2.86021405138694
4576	NA	0.158312677597952	NA	0.489093910139743	-0.0481731116505487	-0.0132720985721029	NA	0.896732074193122	NA	0.340699249655479	0.709563844070758	0.523288466934272	0.684544595406261	0.382030626546084	2.94551650866017	0.0181539070286706	0.345043507440172	-2.91728484766291
5394	-0.582393792227057	NA	NA	0.2727619496312	NA	0.13084876872235	2.14639959099261	NA	NA	0.211189764029973	NA	-0.060174989756481	0.688687272164417	0.353105215232098	3.13200364256482	0.0195770739161668	0.345043507440172	-2.94459428444019
2435	NA	-0.103560427329825	NA	NA	-0.391881237263886	-0.403326998052133	NA	0.232260335201028	NA	NA	-0.119080463062367	0.205365150984801	0.6106939803568	-0.096703939920397	3.08349619015427	0.0208476529826609	0.351601190680052	-2.98822472991463
283	NA	0.0719671657550214	-0.728182179116063	-0.139185947732777	NA	NA	NA	-0.0989211651113588	-0.797143191980789	-0.00887139075007493	NA	NA	0.678089635558721	-0.28338945148934	3.04164999840892	0.0220157277241569	0.35225164358651	-3.02622336581983
3861	NA	0.0366613451206424	0.00613273880323528	NA	0.181718810569696	-0.441170298906444	NA	-0.890004056129145	NA	NA	-0.0594040224377	-0.420929945602629	-0.837185811435583	-0.226713632654621	-2.90459550125395	0.0222726400649502	0.353208592888414	-3.06090926372859
4394	-0.343235069602095	NA	NA	NA	-0.663929729886855	-0.0585190988108998	-0.226137096037355	NA	NA	NA	-0.0113202642923628	0.189878650908306	0.693461050652782	-0.185543767953544	2.95921657553996	0.0245291789776847	0.364829828295877	-3.10203489358092
2854	NA	-0.149716829555255	NA	NA	-0.544856100356813	-0.453257390951328	NA	0.0238914606507541	NA	NA	0.249695253818066	0.0920261837259708	0.602814922545175	-0.130369570444767	2.9069563369224	0.0262818906268995	0.364829828295877	-3.15074094255295
3931	NA	0.0874246425001089	NA	NA	-0.696341620101815	-0.450775912198547	NA	0.0770075773772153	NA	NA	-0.447334073579326	0.120176851679248	0.794933834630047	-0.218307089053853	2.88446708892392	0.0270772138188347	0.364829828295877	-3.17185113269209
2525	-0.375724835019721	-0.102868563772012	-0.727618476906338	-0.362143798931978	-2.08453810761386	-2.01460941172178	-0.241785270261272	0.289040452505601	-0.98936660789391	-0.445976828455089	0.19063141794336	0.60848921313027	1.32833847241046	-0.52137256808306	2.57210034360549	0.0242353923695316	0.364829828295877	-3.25752999730839
3447	NA	NA	NA	-0.735680496571801	0.404956161066141	0.333731959288867	NA	NA	NA	0.468390477165344	-0.0321509536768071	0.0167062824863091	-0.764443268108887	0.0759922382930089	-2.56378078891202	0.0417058625677133	0.381532011893204	-3.48200197734121
2948	-3.07349012602205	-0.0533078284855721	-1.83852513341869	NA	NA	NA	-2.67384189731284	0.462646307743668	-1.19061567869102	NA	NA	NA	2.5946992101002	-1.39452239269775	2.52813157177393	0.0437888859763721	0.381532011893204	-3.51743578433175
5096	NA	-0.0955025987042719	NA	NA	-0.812232118952767	-1.1084561519113	NA	0.253445212111234	NA	NA	0.135666791954648	0.152213991301272	1.01506172065902	-0.245810812366863	2.46219239936816	0.0479357409047819	0.394040585786097	-3.58341045506307
3149	NA	-0.371674483255759	-0.128736589148438	0.166067391411655	NA	NA	NA	0.160467727602991	-0.540250295183009	0.309426024827234	NA	NA	0.703517854690331	-0.0674500372908876	2.45289765440485	0.0485526437834786	0.396358827080314	-3.59275322118962
1901	-9.26721470460583e-05	0.138690338906371	0.0899569545551873	-0.0273624877090011	-1.13831323664339	-2.32163798686779	0.872358403349029	2.49589899224448	0.999131256298728	0.444073322486973	0.745309296255669	3.93648804304956	2.18143306669225	0.519541685314898	2.34763225362354	0.0366148970618503	0.381532011893204	-3.60550664777094
1755	-0.123556804862631	-0.0176881094932928	-0.70109398040033	-0.142814193380211	-2.48781293714795	-2.27104985299534	-0.118426818580252	0.4554510338494	-0.867916815290063	-0.578213547944045	0.777375359343083	0.578821136734001	1.45691484483461	-0.458077127513969	2.2868841716244	0.0408960841213283	0.381532011893204	-3.69814644481022
2473	-0.196887693937034	0.311523442867262	0.17769539223656	1.45328333448957	0.214529405499177	0.234327003935128	-0.059415130400402	0.499861870708868	0.0718087566429772	0.305937300036147	0.247001247355293	-0.0064399125182716	0.619084941491683	0.27110208474294	2.28681498416076	0.0409012220897277	0.381532011893204	-3.69825151540836
4898	-1.27553200701937	0.159583401716149	-0.560324417570582	-0.0699026766705842	-0.227831879949872	0.284842438943109	-1.02728199873366	0.337372324974753	-0.247271796863696	-0.027164964607654	-0.463863749495434	-0.199926410641795	0.606059640498436	-0.276441811326553	2.2678483418595	0.0423331450305791	0.381532011893204	-3.72701560317627
