id	1h_vs_ud|IB	30m_vs_ud|IB	1h_vs_ud|IB2	30m_vs_ud|IB2	1h_vs_ud|KR	30m_vs_ud|KR	1d_vs_ud|IB	6h_vs_ud|IB	1d_vs_ud|IB2	6h_vs_ud|IB2	1d_vs_ud|KR	6h_vs_ud|KR	logFC	AveExpr	t	P.Value	adj.P.Val	B
5884	0.788789805320544	-0.0910506659079193	0.122634763211089	-0.0145926904358754	0.596662520094185	0.148695544657749	0.343029593720563	-0.0283963544136454	0.402371110252797	0.113709646206492	0.00463618523458956	-0.0213701086342584	-0.617394196383769	0.197093279108859	-5.30840742535245	0.000186505812659628	0.287498710214817	0.444389918659333
4303	-4.58479537531822	-7.20841781106628	-7.50973705356222	-7.37011028896705	-5.91116937314835	-5.81676501899613	-5.29289564110957	-8.20989397243148	-5.40680635433944	-7.38205860211039	-7.33443949180817	-8.13829593762068	-2.6051763654044	-6.68044874337316	-4.17947380207022	0.0012808509577954	0.437527737670722	-0.936089315584852
3190	NA	0.0581673446031387	NA	0.0424562439532054	0.790300690606548	0.0833874235588304	NA	-0.179089425847266	NA	-0.180650157438807	0.455792581692127	-0.0801304094060523	-0.862555221039919	0.123779286465215	-5.73668303574826	0.000438409702923173	0.427120713728806	-1.07443950157384
60	NA	-2.7621979991026	-0.207031913507859	NA	0.083048420385434	NA	NA	-2.64103431123415	-0.0614004029482516	NA	-0.221621477491502	NA	-2.65185831995274	-0.968372947316489	-8.44595403580547	0.000152273817472456	0.287498710214817	-1.29412083426887
5602	1.00283826421174	0.507088690293693	0.0404955819659653	NA	0.631566636474542	NA	0.231770261746724	-0.189462394070722	0.4774100834395	NA	0.0582933082281745	NA	-0.893400722112649	0.345000054036202	-4.02249913833696	0.00384158422545092	0.437527737670722	-2.12237113841574
5114	0.534867279820013	0.0146935470336417	NA	-0.321738828289417	NA	NA	0.126113289031577	-0.104391040234983	NA	-0.0383802749847263	NA	NA	-0.747932214082213	0.0351939953960175	-4.85686250828136	0.00285008371402822	0.437527737670722	-2.17331852552285
5530	NA	0.0225081538122337	NA	NA	-0.612645019968203	-0.0323457714634611	NA	0.075848299303156	NA	NA	0.322761194418829	0.39681796324673	0.848978151243146	0.028824136558214	4.83249339872057	0.00292143450925764	0.437527737670722	-2.18343433330599
2338	0.188765931593217	0.156768431858314	0.620751729782629	-0.99288377372237	0.0884620567156377	0.130893657309869	0.414684965273831	-0.2176400662621	0.06782957098701	0.157915986263676	0.165962037503537	-0.209153737458777	-0.588245045579704	0.047696399153706	-3.2572400664473	0.00687330722550498	0.437527737670722	-2.21654263104365
4484	NA	-0.109265917638722	NA	-0.0428398004915919	0.662265712260799	0.150295625653395	NA	0.164187360308703	NA	0.185883595584346	-0.0851334105534247	0.103315243827097	-0.587378111046063	0.128588551118825	-3.79981748968233	0.00525495985133783	0.437527737670722	-2.2964435225692
2339	NA	0.0941517277147111	0.223199871763901	NA	0.344556185812623	NA	NA	-0.519609686341978	0.0822391163956345	NA	0.139806844250086	NA	-0.733007337446107	0.0607240099324964	-4.49873087376571	0.00413310970762061	0.437527737670722	-2.33054823243856
4006	NA	0.186015702514741	NA	0.155197380514973	0.650652588716435	0.218869090925349	NA	0.129579623432294	NA	0.0272516454571647	0.188234768237237	-0.185534034723677	-0.617571598975239	0.171283345634315	-3.71768116533203	0.00590924567425815	0.437527737670722	-2.36302079096517
6459	NA	-0.25429297155834	0.119068469693492	0.211706830723378	NA	NA	NA	0.223911304935068	-0.421912545960632	-0.155722203868893	NA	NA	0.639721613789855	-0.0462068526726545	4.38174242552715	0.00468513396737686	0.437527737670722	-2.38608464060772
5605	0.840509964323619	NA	NA	NA	0.367161717714285	0.11040032738433	-0.370992050637966	NA	NA	NA	-0.159357427648231	-0.308607662790112	-0.912443503809064	0.0798524780576542	-4.05592494857512	0.00671384006976421	0.437527737670722	-2.55247024320603
1978	NA	-0.100915836748982	NA	NA	0.313262961137988	-0.0419417984587951	NA	-0.299927053237963	NA	NA	-0.256793263416713	-0.605738687073881	-0.76609583129391	-0.165342279633058	-3.95728407090928	0.00751004005485855	0.437527737670722	-2.60640840830238
6427	-0.0228950885138436	0.173833189414463	NA	NA	0.111486228049806	NA	-0.136294599649763	-0.566682196482769	NA	NA	-0.0274890520854769	NA	-0.61097776625075	-0.0780069198779305	-3.85434224517534	0.00845519678504854	0.437527737670722	-2.66454044891503
4823	NA	0.353105878697811	NA	NA	0.851296534204885	0.159434339939273	NA	0.261137199963186	NA	NA	-0.0663408434127215	0.0682810143180412	-0.686587427064271	0.271152353951746	-3.78953155320209	0.00911797017838885	0.437527737670722	-2.70212279768001
3027	NA	NA	0.119986974637161	NA	0.435311998883808	-0.0541770781875849	NA	NA	0.129296568518255	NA	0.110655509453949	-0.341967790085394	-0.624272073786426	0.0665176972033657	-3.68201393361826	0.0103487852392292	0.437527737670722	-2.76617495119397
1768	NA	NA	NA	0.153756949947532	0.757101811719706	0.132473928801665	NA	NA	NA	0.359016319136606	0.386349111202	-0.219602554743002	-0.79002461411744	0.261515927677418	-3.65970737808713	0.0106266262366009	0.437527737670722	-2.77973321957918
5815	-0.595567214718326	-0.0185590427181633	NA	NA	NA	0.13508423553224	-0.589054642862904	-0.00555082295738481	NA	NA	NA	0.0434072893385565	0.614495447908912	-0.171706699730997	3.61519264951511	0.0112061511641894	0.437527737670722	-2.80706920365307
2009	0.356291077801291	0.143195069086019	0.123126731067076	0.0134434170928503	1.22913798284699	-0.33116356872905	0.0567263254123555	-0.136445493994964	0.234964509866322	-0.123370830817119	-0.613921673647307	-0.186695885547984	-0.710030510988232	0.0637739717030398	-2.84035925050274	0.0149017223123637	0.442899083685115	-2.82021216472789
2540	NA	-0.0536512484118732	NA	NA	-0.289353827837184	-0.322721901518259	NA	0.916318330448742	NA	NA	0.732698140419061	0.352535778457168	0.923780882290139	0.222637545259609	3.51394540342918	0.0126590972138944	0.438516816971194	-2.87063987425647
3666	0.951722758015215	-0.139657578888835	0.368834817513618	-0.00464858840356635	0.564935540968942	0.446223316335603	0.50653694117113	-0.366552043034215	0.178871558081958	-0.35954517496214	-0.152216194148103	0.0335892864697343	-0.677713734011387	0.169007886593278	-2.79561285438106	0.0161909091432905	0.442899083685115	-2.88514684129778
1844	NA	NA	NA	-0.133582257228284	0.367680362066411	0.169156646827033	NA	NA	NA	0.154554017112551	-0.0912907755981153	-0.576446782340053	-0.72269488185058	-0.0183214648600762	-3.46083699640798	0.0135035978780303	0.442899083685115	-2.90476669974251
4741	-0.0657197746630996	-0.0147564861383074	NA	NA	-0.354372606443454	NA	-0.0149601465446136	-0.968360269393796	NA	NA	-0.255880887637748	NA	-0.758314078840519	-0.279008361803503	-3.42416969801357	0.0141228852300162	0.442899083685115	-2.92864433876377
1419	-0.450391240392264	-0.258211949604508	-0.417800765743937	-0.219970304785847	-1.09184380836344	0.198532283543901	-0.165140954103494	0.205083112232664	-0.0706649174823546	0.106936775495686	-0.0529450381600068	0.343435905775127	0.647149559820002	-0.15608174179904	2.75625250292631	0.0174157414786588	0.446670561841873	-2.94222672936976
4714	0.268477481927422	NA	NA	-0.513461244838747	NA	-0.191312617934615	-0.0289013242111794	NA	NA	-0.379343449784466	NA	-0.268859131765118	-0.659637670229354	-0.185566714434451	-3.37305397638062	0.0150390377096538	0.442899083685115	-2.96236251227935
4079	NA	0.18523605719024	NA	NA	0.59492323994018	0.231093399707073	NA	0.132056883404712	NA	NA	0.165657453607852	-0.272205374376554	-0.664997485426102	0.17279360991225	-3.37196651457337	0.0150592260613286	0.442899083685115	-2.96308532175611
1316	NA	-0.543871318368052	NA	NA	-0.642956479675254	-0.580650609322897	NA	-0.103389603422316	NA	NA	0.0147813277944773	0.138505458122928	0.66051440702556	-0.286263537478519	3.33384577763135	0.0157861104583426	0.442899083685115	-2.98856751341806
2070	NA	0.00863256430455515	NA	NA	-0.475208101385826	-0.401698901673803	NA	0.139146907829657	NA	NA	0.131203649172774	0.335224041436305	0.712393576018807	-0.0437833067193898	3.32534562644869	0.0159533967012333	0.442899083685115	-2.99428779524467
6204	-0.44662880350338	-0.22762352457113	-0.2168820749849	0.504682284601469	-0.26628566293713	0.303211239315939	-0.285655498806553	0.749858606007487	-0.120965971192957	0.576699351185889	-0.204034840326719	-0.250683810576067	0.612579172555452	0.00964094118432886	2.58754346970342	0.0237840260662779	0.465512867738032	-3.18610453995579
2487	NA	-0.035867856985565	-0.0567770215854235	NA	0.0906776097721614	NA	NA	-0.808472320158486	-0.3307790268021	NA	-0.147234108350423	NA	-0.688421611643516	-0.214742120684972	-3.0457605266074	0.0227011608969902	0.465512867738032	-3.19021065895651
3652	NA	0.105037084346617	NA	NA	-0.643531626688519	0.0948193001695963	NA	-0.21267489261183	NA	NA	-0.327991468151354	0.202222143484239	0.638305252124723	-0.130353243241875	3.00037369337388	0.0240649789949816	0.465512867738032	-3.2234301552496
348	0.996990422503439	-0.173959736453849	0.25169964784934	0.119753606926049	0.459946664095286	0.213264508455396	0.948179393133931	-0.555781229914653	0.312592644616211	0.246181397516223	0.284089878168906	0.266607020598235	-0.646316777868435	0.280797018124543	-2.54510256893686	0.0257155716235801	0.466661153681644	-3.24715634705844
5583	NA	-0.0632032058785927	NA	0.811881162759406	-0.228764928128024	NA	NA	0.457255677755876	NA	0.548988705836966	0.0884889241002766	NA	0.863333348385666	0.269107722740985	2.94372485354942	0.0258932975209016	0.466661153681644	-3.26543818833934
1689	0.138296446177566	0.10097373453398	0.0919607501132855	0.155769973553587	-0.505587875537229	0.242739616850975	0.138892210215869	0.291873658086372	0.171942514129809	0.263404610888533	0.162036914521596	1.33798489418325	0.660325813684355	0.2158572873098	2.52880546182259	0.026497192149069	0.466661153681644	-3.27055796616847
540	NA	0.0544304787767306	NA	NA	-0.711266983484535	0.00066323869504735	NA	-0.29182166512958	NA	NA	-0.000284277163595251	0.117391594825178	0.624051948332334	-0.138481268913459	2.92896118356997	0.0263941334025319	0.466661153681644	-3.27648498598475
3588	1.12900690125452	NA	NA	NA	0.966541728800013	0.724309833851854	-0.949741202086964	NA	NA	NA	0.513778574380657	-0.501332505037213	-1.54910682006448	0.313760555193811	-2.83131077571956	0.0299821873040452	0.466661153681644	-3.3505656416888
5838	NA	-0.136153474502415	NA	NA	-0.521402024787608	-0.641196640524809	NA	0.0725336365775865	NA	NA	0.260058947970784	0.742521388723492	0.928929537438147	-0.0372730277571617	2.82763133674135	0.0301272829498654	0.466661153681644	-3.35339106120213
6525	0.277924836150791	NA	-0.453311854392726	-0.505467764322189	NA	NA	0.375784633904653	NA	0.735762711282435	0.446385744188232	NA	NA	-1.0123115380388	0.146179717801866	-2.80907323570738	0.030870716966472	0.466661153681644	-3.36767896503056
6052	NA	-0.0616736268108113	NA	NA	-0.702737999918994	-0.500014135086721	NA	-0.0805802090058342	NA	NA	-0.842828818528389	0.0775228656348198	0.701209328233486	-0.351718653952655	2.79469601538732	0.0314602281038577	0.466661153681644	-3.37879055707082
2187	-0.82915010867264	-0.479767181398052	-0.715091422918826	-0.476800123588403	-1.47027465215644	-0.555204021624458	-0.45460738801292	-0.36752677943946	-0.42182600377966	-0.228504977452927	0.317882771297032	0.670293508142861	0.849072456574581	-0.417548031633658	2.45170195052113	0.030519065408822	0.466661153681644	-3.38091021548353
2607	NA	0.29222400841293	1.03042237495087	0.0896841066965109	NA	0.418493501169008	NA	0.0209116406530767	0.603322600353033	-0.247098183350767	NA	-0.323570653267121	-0.674314235658877	0.235548674452192	-2.51201545397979	0.0363054508862922	0.47061344422299	-3.47444277623525
4370	-2.74855143487383	-4.18973496301575	-5.77087740627089	-6.29295314543716	-3.55573687871563	-3.26181723552178	-3.24289107479912	-5.51133525035106	-3.42336528588931	-3.31552564764194	-3.78238819893173	-3.53690024701678	-1.87117834777542	-4.05267306403875	-2.3588988276226	0.0361460286059724	0.47061344422299	-3.51278773567413
1796	NA	NA	0.426834984149935	NA	0.425565061690051	0.258713127325972	NA	NA	0.496040079599835	NA	-0.0579783343958469	-0.128308739893397	-0.58911131053834	0.236811029746091	-2.60622548845854	0.0404104861839565	0.475290006515535	-3.52778220688595
2815	-0.553249871036714	-0.251132321636132	-0.537027958065366	-0.531714331248976	0.150414678723386	-1.39120922284957	-0.562793015631445	-1.11208044607084	-0.494351536618964	-0.503331683297954	-0.354681467297323	-1.38992093533662	-0.712176327908051	-0.627589842530544	-2.34408344942607	0.037132088313451	0.473050530042849	-3.53373022112231
6090	NA	0.404069005559448	0.994616325147938	0.603517273024295	NA	NA	NA	0.127210278934684	-0.313288638705416	0.532478631433657	NA	NA	0.678652414684906	0.391433812565767	2.54720634584444	0.0437438798926992	0.475290006515535	-3.57565401507543
6599	NA	NA	NA	-0.0899922269965736	-0.658591498056848	-0.507547253577621	NA	NA	NA	0.0813110422866681	0.03005486896751	0.17338257672841	0.700286672922766	-0.161897081774742	2.51884474074877	0.0454483460915676	0.475290006515535	-3.59885297527666
3476	NA	-0.153133593638445	NA	NA	0.429595862025901	0.265810420947395	NA	0.0211780737242971	NA	NA	0.671556401592922	-0.341789269017975	-0.58990145967274	0.148869649272349	-2.49206505104258	0.0471223142631461	0.475290006515535	-3.62087021948077
2369	-0.696976969782737	-0.512301511214109	-0.720425713508695	-0.439925119588328	-1.91405654283242	-0.0425565927893434	-0.526749352589943	-0.237262459234778	-0.319377045666076	-0.203358900802163	0.623265997903932	0.659814041355069	0.971012340271065	-0.360825847395799	2.2367795103054	0.0450819277756732	0.475290006515535	-3.68434675923325
