id	1h_vs_ud|IB	30m_vs_ud|IB	1h_vs_ud|IB2	30m_vs_ud|IB2	1h_vs_ud|KR	30m_vs_ud|KR	1d_vs_ud|IB	6h_vs_ud|IB	1d_vs_ud|IB2	6h_vs_ud|IB2	1d_vs_ud|KR	6h_vs_ud|KR	logFC	AveExpr	t	P.Value	adj.P.Val	B
3886	0.213617152066535	0.560442199669078	NA	NA	0.465598673337417	NA	-0.191282877785395	-1.4976963882126	NA	NA	-0.175972149713185	NA	-1.83730430091457	-0.104215565106358	-10.6084289238304	8.20983317417307e-05	0.134929895112552	-0.288468248574229
3874	0.424273485197315	NA	-0.23779694465916	NA	NA	-2.30580152427197	0.156044591150205	NA	0.347876395244666	NA	NA	-2.47940343906855	-2.86547837928954	-0.682467906067914	-10.1288685983599	0.000104245603893805	0.134929895112552	-0.34644809566254
2804	0.196647383105211	0.600212116168914	NA	NA	-0.0493706922928703	NA	-0.0653252053026626	-1.94962547655748	NA	NA	0.271613351734471	NA	-2.02326382196365	-0.165974753857402	-9.2298195998201	0.000167954538169589	0.134929895112552	-0.474752781171106
4892	NA	-0.202840517836653	NA	NA	1.07198354770528	-0.169466706113791	NA	-0.0681237542250374	NA	NA	-0.237006060592587	-0.0821024859365084	-1.14709666778606	0.0520740038334511	-9.08818863905355	0.000181748242339105	0.134929895112552	-0.497678153022039
1322	NA	0.0270666343423764	NA	NA	-1.29236501429204	-0.153260834413232	NA	0.112710085955948	NA	NA	-0.36899106278555	0.181606345046032	1.43952322979303	-0.248872307691078	7.92098772339361	0.000364365467757971	0.193217802331084	-0.722009431316324
761	-0.457779845196251	NA	NA	NA	-0.579427158401753	0.183707754407734	0.00446160538100293	NA	NA	NA	0.0168359830048355	0.475119460347307	0.993722962146308	-0.0595137000761874	6.79181523656555	0.000781252237122288	0.340803717469461	-1.01750833863111
3457	NA	0.133992408392264	NA	0.0245393703836515	0.834428382081493	0.0618071769867658	NA	-0.508698623619581	NA	-0.222306764183853	-0.165139695094363	-0.278564893863875	-1.08866976444809	-0.0149928298646872	-4.86434800652917	0.00156864352252315	0.365445671090381	-1.11369771200818
330	NA	-0.0572054859410665	-0.603955162025928	-0.514016580800793	NA	NA	NA	-0.295273058841272	1.01603549301853	0.366213492951244	NA	NA	-1.42068031283956	-0.0147002169398816	-6.39920518966606	0.00104407975014534	0.340803717469461	-1.14431866766543
5765	NA	0.15931931569776	-0.157150884944693	0.354030356211681	NA	NA	NA	0.346467640758244	-0.433254630934456	0.193385669114714	NA	NA	0.783503629419418	0.0771329109838749	6.29876409741618	0.00112707106488222	0.340803717469461	-1.17913086829614
1601	NA	-0.3339601735982	NA	NA	-0.600353084640933	-0.501204205888685	NA	0.269891490546509	NA	NA	-0.0127178756842433	0.189796516980298	0.830197088404336	-0.164757888714209	4.91361471766907	0.00361034305677433	0.445508090068498	-1.78036490604113
4122	NA	0.166965426484213	0.0959381666157888	-0.230553883998014	NA	-0.0334596956535309	NA	-0.254159275073175	0.470364706614292	0.104532475456791	NA	0.0315917508023409	-0.621405176037241	0.0439024589060882	-4.07939688752976	0.0041889522841744	0.445508090068498	-1.78342915833094
339	NA	0.371467145420545	NA	NA	-0.560515722057528	0.069498642315578	NA	0.263704068009853	NA	NA	-0.0735634770196512	0.267432220539598	0.826083866332253	0.0563371462013993	4.90509394037276	0.00363884107233612	0.445508090068498	-1.78487928598251
5817	NA	-0.0550770440216731	NA	NA	-0.66352440527598	-0.137360687413394	NA	0.0543854448188924	NA	NA	-0.301422982987239	0.169897635194841	0.775665945282847	-0.155517006614092	4.79747819573714	0.00402201038624009	0.445508090068498	-1.84288639325859
3686	NA	-0.00565760682657176	NA	0.268804418591283	0.897708584943445	0.26087303700837	NA	0.111879969524017	NA	-0.148329007788926	0.0899634899311976	-0.164640293787141	-0.825693886834059	0.163825323949459	-4.00269306839969	0.00463364429225224	0.445508090068498	-1.8553086569013
2765	NA	-0.0130259632548165	NA	NA	-0.633417356346685	-0.313431272423071	NA	0.169630553637265	NA	NA	0.0871260502731503	0.488535581613876	0.962500423972255	-0.0357637344167134	4.52963411533963	0.005194946774447	0.445508090068498	-1.99552091154478
5586	NA	-0.179465339010232	NA	NA	0.710043912890302	-0.0665563839901454	NA	0.154303656683641	NA	NA	0.747906403069013	0.0199805273110848	-0.622901820892939	0.231035462825611	-4.43773984995746	0.0056845934998605	0.445508090068498	-2.05071663410273
4442	NA	0.34549302623237	NA	NA	-0.321237803078022	0.164008646226478	NA	0.318924194629239	NA	NA	0.117863714617866	0.265477077880557	0.61343843933292	0.148421476084748	4.36412393641123	0.00611519702607448	0.445508090068498	-2.09601410067557
5330	-0.30428643248622	NA	NA	NA	-0.391577081447726	0.0986552338726285	-0.130367484028075	NA	NA	NA	-0.0948154096647264	0.2812429199155	0.629174676882473	-0.0901913756397698	4.26317196145355	0.00676776609313207	0.445508090068498	-2.1597277423372
1420	NA	-0.720100942365786	NA	NA	-2.43899788036684	-1.37044708302563	NA	-0.34382190306103	NA	NA	-1.72150056282697	-0.785726256826343	1.87422380042315	-1.23009910474543	4.14613855186723	0.00762607808498846	0.445508090068498	-2.23595123952548
1644	NA	NA	-0.335817028826003	NA	-0.767567457785463	-0.438505591442477	NA	NA	-0.687801976645168	NA	-0.27400503255844	0.0701666072748331	0.797851324490149	-0.405588413330453	4.07948782328429	0.00817007021574314	0.445508090068498	-2.280516081985
3015	NA	-0.139875838259243	NA	NA	-0.453633024847244	-0.1632251640344	NA	0.126395270037674	NA	NA	0.00999294890407466	0.460273761650316	0.746967540691238	-0.0266786744248038	4.06983382420917	0.00825247148532363	0.445508090068498	-2.28704147273694
4505	NA	-0.036619993985341	NA	NA	-0.3003693238645	-0.122378078703676	NA	0.370131046132768	NA	NA	0.154907535281542	0.20235528247385	0.586612488167809	0.0446710778891071	4.06222147007917	0.00831811376292716	0.445508090068498	-2.29219949260853
1953	-0.0159867636267207	0.167729033414264	NA	NA	0.121334285584232	NA	-0.118316837435816	-0.569044501992417	NA	NA	-0.0374296735932916	NA	-0.621718262971173	-0.0752857429416247	-4.05723941094089	0.00836139638067907	0.445508090068498	-2.29558130089698
4852	NA	NA	NA	-0.0811265049984382	0.45457910429452	-0.0363958717096026	NA	NA	NA	-0.00142052808773508	-0.356785325978687	-0.351596997934355	-0.670940855760917	-0.0621243540690497	-3.88767133682649	0.00999916273635116	0.445508090068498	-2.41356259864249
3443	-0.0936980374828464	-0.00271152716613791	NA	NA	-0.38488144946114	NA	-0.137170961962167	-1.09795813739046	NA	NA	-0.313361817162901	NA	-0.858668393918468	-0.338296988437609	-3.88422571578837	0.0100360279747989	0.445508090068498	-2.41601854237019
1963	NA	0.27977481076957	NA	NA	0.891572815631125	0.319354372442318	NA	0.254460729150289	NA	NA	-0.136097351918219	-0.271623027099939	-0.90015396460595	0.222907058162524	-3.87179337304283	0.0101703307322209	0.445508090068498	-2.42489955647987
1798	NA	NA	0.00606100498965294	0.330344446771203	NA	0.240101177273292	NA	NA	-0.821959991755243	0.11261864888556	NA	-0.174125013755595	0.900069708263048	-0.0511599545985216	3.77969593083304	0.0112311311972218	0.445508090068498	-2.49164909488421
1360	NA	-0.267849647580248	NA	NA	-0.844382385307867	-0.36307414008316	NA	-0.165870415104566	NA	NA	-0.404403234885202	-0.15574005456921	0.683577150470979	-0.366886646255042	3.6172896409298	0.0134213463648373	0.445508090068498	-2.61352459150496
4170	-1.93796421955162	-1.04716914480443	NA	NA	-0.817299930631558	NA	-1.27023655134484	0.731492835581358	NA	NA	-0.394670767097681	NA	2.10912491067295	-0.789307962974795	3.5697547962953	0.0141507798863952	0.445508090068498	-2.65021352186142
3011	NA	0.118163321402754	NA	0.124153272078656	-0.407892725925279	NA	NA	0.338102058245527	NA	0.400381859837169	0.161077454005777	NA	0.639020391087371	0.122330873274101	3.55481115689452	0.0143892368512575	0.445508090068498	-2.66184324841117
3712	NA	-0.128897329645911	0.243573861721561	-0.87162441868128	NA	-0.085925756876113	NA	-0.351757670531017	0.198061297047995	-0.540884864719622	NA	-0.630655721456166	-0.81607390060415	-0.271013825392569	-3.17620498635161	0.0145069755106349	0.445508090068498	-2.70171717202132
4944	NA	NA	NA	-0.0200267565163228	0.58988795337154	0.322706256678705	NA	NA	NA	-0.0619653885269349	0.0175563108373885	-0.201266195576382	-0.700534429417892	0.107815363377999	-3.49702566971642	0.0153548119548219	0.445508090068498	-2.70724617680731
3709	NA	-0.473009004856657	NA	-0.299269766379902	0.634562612872197	NA	NA	-0.216014088849301	NA	0.104661872437223	0.0254847587266679	NA	-0.892204540486799	-0.0372639360082954	-3.47514036022453	0.0157393505517309	0.445508090068498	-2.7246212868224
4296	NA	0.157235584126644	-0.250771836119033	NA	0.311143321432882	NA	NA	-0.403727151850403	0.132303831196918	NA	0.0358491689158209	NA	-0.625450728165303	-0.00299451371619524	-3.43510333947911	0.0164711308944001	0.445508090068498	-2.7566629062173
3796	NA	NA	0.126466834563118	0.130511245691343	NA	-0.117082265756097	NA	NA	0.706102990463835	0.275138680309667	NA	-0.114613251122801	-0.698153993179563	0.167754039024844	-3.3060292969327	0.0191027862388955	0.445508090068498	-2.86221233027173
6424	NA	NA	NA	0.815858620539944	-0.31558265065137	0.550206324160076	NA	NA	NA	0.102257236167124	-0.152700499310032	0.339879835446514	0.893451878644599	0.223319811058709	3.26696997791418	0.0199894443999812	0.445508090068498	-2.89482949351599
3718	0.204926092195668	0.115857883335252	0.783478041498849	-0.378585091213717	0.537322845000517	0.209190672742276	0.178677418624938	0.0188321600062542	0.344818078423926	-0.39588353963026	-0.0738070402554333	-0.399520909914151	-0.615446952247241	0.0954422175678433	-2.80643546960987	0.0165759861355598	0.445508090068498	-2.94613071383237
1164	NA	NA	NA	-0.30799814159598	-0.863207193992714	-0.275029080788209	NA	NA	NA	-0.195742647348285	-0.48646126037893	0.17011218571868	0.794264216054063	-0.326387689730906	3.12110706709594	0.0237300124717149	0.445508090068498	-3.0193971412056
3373	-0.0248624905448055	NA	NA	NA	-0.412858737052963	0.0834560229263979	0.0202470726625562	NA	NA	NA	-0.184762240408307	0.424429243701344	0.643289857500229	-0.0157251881192962	3.04912027002528	0.0258578097722751	0.445508090068498	-3.08246479349027
1070	-0.364133003948844	0.104105812838892	0.104149939288769	0.219725462906796	-0.290840260138901	0.155788383029116	0.0608529213934239	0.962139097731485	0.454270426058954	0.129543669652317	0.404839526048438	0.407792090272252	0.596786496313108	0.195686172094391	2.70160341056759	0.0200472054658357	0.445508090068498	-3.1120279008887
5524	NA	0.781505491062677	NA	0.487686070437762	-0.548720682599233	NA	NA	1.77769396982459	NA	0.134041372356589	-0.0673357259751749	NA	1.68141070273041	0.427478415851202	3.00054907142279	0.027412551786981	0.445508090068498	-3.12560342905255
197	NA	-0.18334974624912	0.221422600573412	-0.922370062382302	NA	NA	NA	-0.45032666985204	0.187927164523407	-0.626667213087402	NA	NA	-0.874275530640578	-0.295560654412341	-2.93515834731564	0.0296710792192172	0.445508090068498	-3.1844150938556
4232	NA	0.292383810306456	0.541550042820994	0.142338067882172	NA	NA	NA	0.848552256175829	1.60560565659691	0.510529494704071	NA	NA	-1.11016049456791	0.656826554747739	-2.91917683020232	0.0302537466320919	0.445508090068498	-3.19891543083124
6236	0.299458971962507	0.121321412137045	0.28265193498993	0.0834347334249311	0.697944310775556	0.531968908104668	1.05903007161737	0.111886653270861	0.584616685764318	0.321628486043713	0.140433345500348	-0.471321336636061	-0.619339972814216	0.313587848079599	-2.64452161119392	0.0222302911254864	0.445508090068498	-3.20203788146094
877	0.215720639737193	-0.150634078232605	NA	-0.606615551795745	NA	0.0425420462109037	-0.181017921011343	-0.1547021648339	NA	0.333711667685611	NA	-0.57265845709554	-0.660379364312254	-0.134206727416928	-2.72212069884262	0.0281922165284849	0.445508090068498	-3.21617925380281
3274	0.907809949316222	-0.327349242524854	0.354697028936813	-0.434824292647617	0.196895028697758	0.414310476690534	0.986821154842264	-0.419011385353354	0.440491384311676	0.0588712347028395	0.275306714871317	0.287444745040408	-0.703862431762073	0.228455233073667	-2.61658528445301	0.0233824901096993	0.445508090068498	-3.24598646264223
2165	NA	0.0749395897896596	NA	NA	-0.650447309504374	-0.124089794811808	NA	-0.215211254571956	NA	NA	-0.143733383021138	0.12577114091632	0.605727252676556	-0.155461835200549	2.85396916515412	0.0327650077016972	0.445508090068498	-3.25858777033468
6789	0.0226663961094882	-0.0580867316380868	NA	NA	0.192458395904118	NA	0.0296786286507457	-0.482036693511674	NA	NA	-0.332724215617001	NA	-0.589599089518478	-0.104674036683735	-2.82870869492076	0.0337986020625163	0.446640150917442	-3.281920545134
5890	NA	NA	NA	-0.536427062176164	0.147151436900859	0.0196529355160479	NA	NA	NA	0.51322302940616	-0.496369809778541	-0.480565789460829	-0.655647862719355	-0.138889209932078	-2.74712011533035	0.0373885036873552	0.446640150917442	-3.35809001700929
206	-3.05061803859578	-4.90618953719215	-4.68215398762326	-4.077165145704	-3.38582519070333	-4.80238072278642	-4.48526254963788	-5.0257671202458	-4.24908134535026	-3.84230679150317	-3.29686695926915	-5.76737259058588	-1.39492676062877	-4.29758249826642	-2.53100883095866	0.0272892187196281	0.445508090068498	-3.38011287760139
1060	-6.70569302805053	-4.3328334672259	-3.76941177033604	-3.46450474769303	-3.6525511534492	-5.24567132563913	-3.80682005759238	-3.32512705618114	-4.8829101780316	-4.65496638653906	-3.29948789270409	-3.73894464118062	1.57085930482551	-4.23991014205189	2.52933769113777	0.0273715448819997	0.445508090068498	-3.38272378294185
254	NA	NA	-0.241192939811071	NA	0.141965986488097	-0.561177316982583	NA	NA	-0.318178484368606	NA	-0.912323721299901	-1.08536853526729	-0.997262286327031	-0.496045835206891	-2.71298556283909	0.0390122478109198	0.44947416957975	-3.39031503358196
1002	0.10841835135914	0.0653939302570162	NA	NA	0.888879522950302	NA	0.17720087845084	-0.343529931242106	NA	NA	0.218211942174329	NA	-0.842178868396828	0.185762448991587	-2.66375437789451	0.0414909103273549	0.44947416957975	-3.43715286958283
4487	NA	-0.0719819999233526	-0.042682254016406	NA	0.023193835968838	NA	NA	-0.796457809842067	-0.39284299590768	NA	-0.14238620261665	NA	-0.611633229872646	-0.237192904389553	-2.6635445396091	0.0415018347663221	0.44947416957975	-3.43735340322403
1766	-0.587658255621356	-0.257567207755959	-0.620661654745717	-0.541389682474623	-1.7417730205316	0.16139434638867	-0.298444875647346	0.0350770704146522	-0.342157212560213	0.030839795980366	0.274137417393787	0.677463461976933	0.947579779543378	-0.267561651431867	2.49331452654341	0.0292063084139697	0.445508090068498	-3.43891873970827
6515	0.434256296530256	-0.26712583450496	NA	NA	-0.302362028221976	NA	-0.200967132947573	-0.810251471518565	NA	NA	-0.384973775191971	NA	-0.876198605672705	-0.255237324309131	-2.66068540895773	0.0416509963361453	0.44947416957975	-3.44008650417794
1081	-0.906244736166771	-0.73438401501451	-0.52205036666193	NA	NA	NA	-0.330342863189626	0.155774194721816	-0.353004845157642	NA	NA	NA	0.785398985384022	-0.44837543857811	2.65717836543172	0.041834755290084	0.44947416957975	-3.44344086323564
6276	-0.126750235598277	0.0465268810941001	NA	NA	-0.800332385981671	NA	0.335707598411494	0.762830270383826	NA	NA	1.33046421318383	NA	1.2263715811738	0.258074390248883	2.6331475044619	0.0431178259715189	0.44947416957975	-3.46648158235113
3140	NA	-0.260180491367156	NA	-0.282861808096087	-0.500116413172443	-0.193204949562612	NA	0.43170378599762	NA	-0.103227322268641	0.204357520339794	0.220254535749764	0.623148584389542	-0.06040939279747	2.47409176562944	0.0408485327830251	0.44947416957975	-3.5072398583712
2173	NA	0.351258040110748	NA	0.192491333773229	-0.49789178624112	-0.190720388157538	NA	-0.0265846261206972	NA	0.447293046563678	-0.0715641124421719	0.121002919160798	0.59352832851223	0.0406605533308658	2.47290266183384	0.0409215958651918	0.44947416957975	-3.50864611781704
165	-3.42658446038838	-5.07635537315365	-4.49309875764804	-4.72160770014668	-3.83809774207969	-4.90223387472479	-3.60970767185793	-4.80645430689083	-3.70938741599418	-4.00940211859378	-3.57910376151861	-4.31374763955068	-0.955913342708647	-4.20714840187894	-2.44034226666186	0.0321237994107097	0.445508090068498	-3.52123376530191
146	-3.69667090045936	-3.2834571991337	-3.4036089436742	-4.44783441658671	-3.32057056704552	-4.01195374488796	-3.78867041145246	-3.62131764618072	-2.86085108155637	-4.05134822806042	-3.53702142354441	-4.59231632545879	-0.927791946388326	-3.71796840733672	-2.36150269142763	0.0369959208375731	0.446640150917442	-3.64294731771501
1565	-0.500178137832553	-0.251373123946508	-0.47262559451948	-0.33649263051999	-1.10915765109142	0.0350426033970699	-0.255401935546042	0.199405456807301	-0.0195469442856414	0.00466405564891641	-7.8504000999357e-05	0.274818537213967	0.588871365570297	-0.202576989056281	2.35082922879794	0.0377080705425304	0.446640150917442	-3.65934444663233
186	-3.97081303375778	-4.41586912338244	-4.84996353453509	-4.29660925281623	-3.29001226501864	-4.96926193390247	-4.14047487283266	-3.80762883930736	-2.74260062176145	-4.36603113509978	-4.07311177542238	-4.93900149992579	-1.01327122383717	-4.15511482398017	-2.33823184256964	0.0385655974160704	0.448763315387001	-3.67867078197981
5597	-0.31136351140155	0.00374235445038177	-1.07026248403086	0.224363681989164	-0.551642449020997	-0.140987911747953	-0.296609243372346	0.327539516260564	-0.717935936961978	0.981734621492648	-0.153664654396374	-0.0714649684192036	0.687126709071683	-0.148045915429875	2.33076398484465	0.039082783765977	0.44947416957975	-3.69011386126438
1702	-1.22465360659625	-0.709031381341152	-0.430405990864918	-0.435485173613357	-0.891272841509027	-0.245757968990633	0.169510651334163	1.2707463907006	0.189455060170902	0.283545570399755	-0.0653635566584889	0.281532369946409	1.01442165832268	-0.150598373085166	2.30075691374311	0.0412289893022191	0.44947416957975	-3.73598749401863
